## ListNet
## Epochs = 4
## No. of features = 35
1 2 3 4 5 6 7 8 9 10 11 12 13 14 15 16 17 18 19 20 21 22 23 24 25 26 27 28 29 30 31 32 33 34 35
0
0 0 0.03417227451243836
0 1 0.08566771544041678
0 2 0.044650937646364346
0 3 0.06924005208164939
0 4 -0.07694700013324396
0 5 0.01157454018553389
0 6 0.07135959758302322
0 7 0.03600739732931615
0 8 -0.0015835517963421033
0 9 -0.07747952580261655
0 10 0.005719167117482156
0 11 0.0709267991162019
0 12 -0.041463108122605376
0 13 0.05133652622255061
0 14 -0.08288890814824464
0 15 0.08118691654443755
0 16 0.07320068376261148
0 17 0.09442358811513504
0 18 0.025508964507181334
0 19 0.04325908192379599
0 20 -0.05576237377019563
0 21 -0.01727735309848144
0 22 -0.0460543937319786
0 23 -0.06774705114341913
0 24 -0.053298952020099016
0 25 -7.780352385401055
0 26 0.07699086078881362
0 27 -0.026663798779962132
0 28 -0.017557467635558245
0 29 -0.03802936071587148
0 30 -0.08082037278132599
0 31 0.006098479984647224
0 32 -0.07536735918588784
0 33 -0.022394539969014443
0 34 0.005043452769157895
0 35 -0.05588030815124512
