## ListNet
## Epochs = 20
## No. of features = 36
1 2 3 4 5 6 7 8 9 10 11 12 13 14 15 16 17 18 19 20 21 22 23 24 25 26 27 28 29 30 31 32 33 34 35 36
0
0 0 0.08020283777696902
0 1 0.007066175736308487
0 2 0.03590928269370786
0 3 -0.09245924676364714
0 4 -0.03437228357657474
0 5 0.04943398101182203
0 6 -0.038457415997982025
0 7 0.024325400930662877
0 8 -0.011893815485666086
0 9 0.06616505896023327
0 10 -0.01116550540209555
0 11 0.08887768377840075
0 12 0.01571319426011652
0 13 0.03486408150700617
0 14 -0.09798847945534483
0 15 0.06263228919243947
0 16 -0.05555217047424578
0 17 -0.06840210958644498
0 18 -0.08599287350084184
0 19 0.041351943326981486
0 20 0.054826628234244924
0 21 0.04677391198470623
0 22 0.02633023609849547
0 23 0.04999225768632112
0 24 0.03605889451058816
0 25 -3.568130663447025
0 26 0.09337680835454887
0 27 0.0033034431903073585
0 28 -0.0456980710661786
0 29 -0.07860722944258935
0 30 0.025189148105281802
0 31 0.051399843911229155
0 32 0.07702926277426038
0 33 -0.02057025951410406
0 34 -0.01571532320365233
0 35 -0.09328250586984635
0 36 0.014886647462844849
