## RankNet
## Epochs = 50
## No. of features = 36
## No. of hidden layers = 3
## Layer 1: 25 neurons
## Layer 2: 25 neurons
## Layer 3: 25 neurons
1 2 3 4 5 6 7 8 9 10 11 12 13 14 15 16 17 18 19 20 21 22 23 24 25 26 27 28 29 30 31 32 33 34 35 36
3
25
25
25
0 0 -0.08167669294885942 0.0461747976985166 -0.06384342475706958 0.09056912519300951 -0.08071846282036776 0.04378654445747172 -0.07633994131964345 -0.07014733226182651 -0.02205929357096306 0.0672240181385082 -0.021074197312246815 -0.0649821264863737 0.09667261483988346 0.05404721868806411 -0.06989973786129966 0.059488729243746666 -0.04874614944825129 -0.02255658291438982 0.007498242919455187 -0.08631678162989127 -0.034919769210630495 0.07582130825555361 0.03172559075622235 0.04175512565750113 0.006142954782320961
0 1 -0.05726600538878782 -0.07243190709463539 -0.027868070900747083 -0.003302588071209737 -0.019745906730623406 0.09227661978151482 -0.017743255756144938 0.04535057886653569 0.012649872337422709 0.0944856881192645 0.025131650267927054 0.02954764898417376 -0.022979192871979862 0.035439520408576335 -0.07764277069711259 0.004167725831376088 0.05303779896199669 0.05047497283987583 0.0796310678177692 -0.07849683183007229 -0.059436814276854905 0.0369378755991197 -0.08162101313262926 -0.024337124670478733 0.026626751638414405
0 2 -0.002713120433133268 -0.06072520779965705 -0.08842636664055 -0.0988899047512247 0.08066798848593686 0.05649732742533652 0.07926030649438268 -0.04882836617163829 -0.029867251420052542 -0.09951892856513252 0.013707593553927038 0.017398143431631825 0.09299310264426544 0.016383912927434945 -0.008836104566382334 -0.020925452542235583 0.05604688146392536 -0.09396965662077053 -0.08267909085858653 0.08377793437351207 0.0611900000555384 -0.038349873332352395 -0.08399536326427853 0.021962457423400635 0.05645878746243749
0 3 0.06928960667445229 -0.005560994195404057 0.07256662255956259 0.027190979756600123 -0.049882019484388654 0.0480474683468854 0.03662618182019241 0.04314060339626277 0.06284069068869765 -0.09235447101286709 0.07892376848408124 0.07245580679786719 -0.0097278339293281 0.0071733845282499886 -0.007256765107828536 -0.059289512520319367 0.02761945355965566 -0.06524566351455871 -0.035824572894991046 -0.03511904425649879 0.08881733792482761 0.06730086715745834 0.022597643128781965 -0.035727716610250676 -0.07350625605251668
0 4 -0.0754833407193775 0.058952311420208015 -0.025396863596208234 0.08286487108112796 0.03965841102955567 -0.08137116377841183 0.0879677738738214 0.0904085657893424 -0.059429190736473354 0.06962825852983426 0.030224298639639453 0.01334899245092304 -0.06221449204790431 0.09350286064157844 -0.057457432791073085 -0.02240302767515434 -0.09351001071676578 0.0712881412348201 0.023187939246802323 0.09837983840056415 -0.009351250464487546 -0.006874971301741612 0.02545763649212731 -0.08710807761291019 -0.03287491464783274
0 5 0.07978526785352245 -0.02075139891209137 -2.8477689362912083E-4 -0.08699094799238376 0.07251427650968323 -0.05311147110213109 0.05930765677658335 0.04352880747824776 0.03292133483421704 -0.05082489888921994 -0.08139143921958662 -0.035359555417471177 -0.08612128452411409 0.026217936888135913 -0.06307755646612016 0.06265718528146097 0.029659673081416888 0.024593774458036007 -0.024716243110252667 0.08688665468387724 0.06880105397483928 -0.008196561497446181 0.04147077261982318 -0.04702704817476399 -0.07436455822225448
0 6 0.0277216378854214 -0.0012270195300062286 0.05120918755937301 0.07487837856749315 0.029775739193461093 0.0979502030989927 -0.09402691195352389 0.026466470972654456 -0.07194892805052366 0.09019248455964966 0.024793521906402733 0.03977744769313443 0.06895108887940364 0.028707518721168838 0.045355787791354636 0.08094010104024034 -0.0730144680401863 -0.08455553154523786 0.04729628796457808 -0.005707320362385288 -0.09966344045924658 0.08998495042079449 0.007914682177675799 0.029983616773918195 -0.04597775266252462
0 7 0.0374198727787047 0.052044682428560717 -0.08809085531926332 -0.012784582581942346 -0.0694604489304343 0.051820411435845794 0.08126079555784306 -0.0338686345322826 -0.032175189148601874 0.0825160021078016 -0.07111010484726113 -0.03762440270106935 -0.05658073528919414 0.07010892472535987 -0.03335790596162192 0.011078165483022283 -0.08156330375985582 0.07290600351928742 -0.043579327898892115 0.01887226095453524 -0.028261157344095282 0.010163939044567676 0.0332688507993426 -0.027161857016648847 0.08913908918154635
0 8 -0.012527763847400068 0.01139646392140882 0.020088895680669686 0.002085044027773706 -0.016497869624719413 0.06578168735142141 -0.07823798582442551 0.023056530378121318 -0.05399251930022521 -0.0867727989433248 -0.09094676077458899 -0.0012348448929117416 -0.006452181420490682 0.05604046635792033 0.03976050625803052 -0.010106509136833345 -0.0010093969402210406 0.09297134831435747 -0.039889471367472853 0.09027494501322048 -0.10156361110365456 -0.0658904242978495 0.06540498598276308 0.021778559278849936 -0.02970917055560226
0 9 0.015137481491502267 0.07194075347509236 -0.08706729880684745 -0.011112951327584924 0.06415322236733495 0.05937029283595747 -0.02873073331889981 0.014762735968874686 0.019367731028038074 0.06676231270512739 -0.01817459579969685 -0.09461228295704568 -0.09950210384187157 -0.08141592489825565 -0.041466813644378105 -0.04006205871014488 -0.04870925744193769 -0.0294126191698776 -0.013568463737451247 0.015991199042930466 0.03819391310998044 0.029093434213250387 -0.004141966101830182 0.03837516680577324 0.004981921273425537
0 10 0.0865344016466558 0.047044448563768375 0.09642195605373871 -0.08226934225988428 0.005491419810288367 0.010660634136514304 0.0880742507732904 -0.08199523771578968 -0.014538139672624151 -0.05307971270075294 -0.06190350531920028 0.006251948890000057 0.06470463910209236 -0.08956214633395662 0.0653977976062031 -0.081202335018665 -0.03792550829108269 -0.05734437431894222 0.08289765859148987 0.02323560513859536 0.014936297821833063 -0.06618525234229035 0.011197066133684956 0.07371038609349699 -0.09144068952381353
0 11 -0.09172909780123761 0.05922550167305333 -0.06312145183465485 -0.0978715302672452 -0.07779692510823387 -0.07943042034387994 0.09370862599611603 -0.07569648966134065 -0.0857551935795471 0.03290275747762028 0.06219664821084708 -0.08327489029147102 -0.04774038913668396 0.0675529641106412 0.08058318744048153 -0.05900853040724398 -0.05649605145904608 0.04075119644125914 0.08977430877513885 -0.04766140258660151 0.0511688807018323 -0.049386063994674566 0.003237941092004132 0.004264064158499717 -0.039179158706332304
0 12 -0.03991274277497935 0.06230927741705412 -0.025687369397765888 -0.028141361192513585 0.058484181598135045 -0.03240374592732197 0.024459971926737628 -0.028300646719414277 -0.06689084221512294 0.02041622680394689 -0.051541023122849965 -0.026211647455363963 -0.09404858029431605 0.04758253235142305 -0.0950856119922553 0.023274279849518117 -0.014644163877666068 -0.06903967205326565 0.030943630167578395 -0.07893545542564506 0.046616130769162295 0.09184264899992567 0.07720515647410668 0.09778715633892515 0.03751427854204114
0 13 -0.006283539570804104 0.009765589408301524 0.05202914408690639 0.0659424972228012 0.012233017877193032 -0.029553698486976452 0.03699844026534252 0.01869012266267617 -0.09142535452686305 0.0306617367423833 0.014074782022829474 0.01791437320649216 0.04929445044411803 0.013133488890044816 -0.01157154627146136 -0.06031237129952922 0.02690875985666279 -0.09294220751563445 0.012280055123891244 0.004069555934744839 -0.06171671594075839 0.017269186899733203 -0.08306919027531212 -0.08038346590411878 0.05568391514589785
0 14 0.05719615195059602 -0.06247908200930911 -0.038350110892799494 -0.001971032340750584 0.05931179599852854 -0.059378582360437616 -0.02654567225540501 -0.09842010858934566 0.06138241071998694 0.08057408643422136 -0.006493938208963492 -0.07891050588250172 0.039403513921314665 0.044649500808238284 0.0417533434206371 -0.08099525499388359 0.037922277374066414 -0.01848107842941758 0.053344610033687616 0.06882758294687094 -0.04924055863008912 -0.0526258457660871 0.041589237058146204 0.029287130217041858 -0.04882442082990875
0 15 0.07891882470889247 -0.07094838535748152 0.0671090832518014 0.06824211877603474 -0.07796720878172822 -0.08720319819380633 -0.02785079822650711 0.07955025151201833 0.021872001620002846 -0.0837875554756708 -0.08877386638665521 -0.09764617052363694 0.04373176659175413 0.06454561719447878 0.07338107807229227 -0.05791463631181769 -0.09057609481063492 -0.05572477970848054 0.058976257658098136 0.011199718699142682 -0.07070015108994633 -0.0043812734285039266 -0.06782703221583178 -0.08850588432959572 -0.015272873380194878
0 16 0.06325077769631655 -0.054794918283207275 0.02742627558513177 0.036078501779422435 0.0026465456128036808 0.03035869654987058 0.019141289040720016 -0.07595467379217066 -0.00894133369845093 0.08668571467657325 -0.030660920742897575 -0.01676416572637577 -0.026117185085312227 0.026867517435328156 -0.08012267965441165 -0.030806958535151422 -0.07186158441774773 -0.032449430510109824 0.09497725326291036 0.03589172201013693 0.013147705421274596 -0.042824209530195494 0.06237416057754915 0.04189837295631646 0.017268730194327845
0 17 -0.06148274075594415 -0.08962164153943596 -0.05718769673051622 0.004294402617699662 -0.05016565973212007 -0.025511858987211877 -0.054833467612895884 -0.013167149534366245 -0.013041912924177468 -0.06768079018020551 -0.09444271014855546 0.06123422887865866 0.04165330577430293 0.05143286761947139 0.014518964338474591 -0.023108404524758413 -0.013845627629852654 0.07046940506667074 -0.03594661644967657 0.06440141324451486 -0.038347883628091446 0.08640375177824317 0.02203780631250607 0.0841571448038248 -0.05191892367481375
0 18 0.09869645181233117 0.09080025823768927 -0.0870026061110006 0.08655876120787617 -0.031977267553639464 0.0664684254698605 -0.06453266648005924 0.04077569650384256 -0.024484142414646325 -0.022616485021965376 -0.09476514223566244 -0.007421417828261364 0.08661694622306836 0.08658480726450539 0.09143326370819525 0.04097516235299803 0.05843596488398244 -0.008385359434070922 0.022119553803480452 -0.05801486942914441 0.039865431168433905 -0.04517475808023592 -0.0757476905398665 0.017987889464627472 -0.08980076799435671
0 19 0.053010051426643286 -0.012215499339959694 0.02200052661139025 0.074931075271461 -0.02284280262873552 0.062414844329077644 -0.06531650095525166 -0.05889575759213925 -0.047086079803863354 0.02555488272914266 0.04143980077421933 0.028994059180126413 0.05895576970668779 0.01708224262993147 -0.013803357660197108 -0.039451768664366255 -0.031989390721151124 -0.06489160015750174 -0.04734873960459868 -0.02183847929818381 0.00465566781961066 0.0949015788370908 0.09869076777749894 0.032872847125227256 0.03253859088032438
0 20 -0.060812825667738796 0.06225337339771492 0.05109989254484233 0.060906463709142274 0.06813177527834749 -0.07310568636296785 -0.0040432338200074285 -0.05407614022535158 -0.012988669022395575 0.07560782768727745 0.005782135428803912 -0.012935080645016223 -0.007673241786829277 0.07694582192574001 0.012889498943567104 0.06237052432187869 0.09269896647274406 -0.016538454162265834 -0.059829592922128645 -0.09211639699255542 -0.040601664865027615 0.0015479206552246434 0.018373815274105455 0.09093978393389207 0.0426457398096208
0 21 0.07550557527126234 -0.03812638828571499 0.021019573393095473 -0.03156206227616502 -0.011996096143031414 -0.060081142311147626 0.04473376074945809 -0.03350416027332872 0.04950629505696629 -0.07037696720981312 -0.024409089608283602 -0.06125586482771447 0.015212920653362754 -0.044929239351689194 0.09383873227839618 0.06145492371620828 0.011914646745847416 0.07426022664829234 -0.010658440921436346 0.09538584473606501 0.0871547284436499 -0.093062142942516 -0.07802930495215284 0.09771871527732395 0.03117538846458225
0 22 -0.03426048680977116 0.05792194989142201 -0.07357662208388345 0.09777547101732241 0.021826339848804735 -0.06282269539864618 -0.02402725890720956 -0.0900593862122488 -0.0650520096921082 -0.0624507137936125 0.05592440402501217 0.09094700642203792 0.06901249715652187 0.02125285109184904 -0.01393629076106021 0.07959787653866177 0.07845941856351069 0.02298711529875309 -0.009415022614547061 -0.018830644561836123 0.08704661196562018 -0.030443432878282557 -0.04323632675701447 -0.06935992968380751 0.093292665149001
0 23 -0.08058878937123796 0.022353476421949577 -0.03003786591738036 0.061538936679450394 0.005779987467701281 -0.04322346736361013 0.07982905276437839 -0.05411787131001314 -0.03346133395806341 -0.07777267257719087 -0.06036290420390101 -0.027247508119313556 -0.014002179500480078 0.027355963858346436 0.0028752872934208872 -0.05019543710617716 0.09107034640696994 0.02455644658694027 0.08225301548407145 -0.09370440953671061 -0.037512985301838754 0.05314322012096534 -0.05330371128174335 -0.05105858853665866 -0.04592453750688874
0 24 0.025525613440637366 0.004257390480203473 -0.0016317124242982498 0.08084919497583476 0.003822735328966697 -0.04500970127022304 -0.09880811942053688 -0.07048738674235097 -0.07568448186750248 -0.03198122477123375 -0.06738577576460508 -0.04067161317602425 0.09944609741590991 -0.02081143911527032 0.023986740201028332 -0.07079605619887533 0.014464992695296169 -0.028968072239129436 0.09296207480100471 0.08228115762296888 0.07189868951631054 -0.08513733370032331 0.07563108614615001 0.05349415282568364 -0.0788063845537249
0 25 -0.03491540322868942 0.22363499057636918 0.25449280807352653 -0.02081934149160317 0.20556209043505788 -0.0403652898927326 -0.17586833923795672 0.10656985355711676 -0.08165055053152426 0.26376198348324187 0.05321178148462857 0.24681255464661933 -0.2317598725560493 -0.05046470696617824 0.16736441449532963 -0.34330065567867296 0.023936129303583232 -0.03163495128228445 0.2732337877294443 0.06362639510399824 0.23305472832429025 -0.3191646381528189 0.09227163650899793 -0.30544550739293075 0.10873287952805481
0 26 -0.049056360181901765 0.07071185598516232 0.08225371029290186 0.037154658222915374 0.0016578370933482405 0.05107944164346049 0.051832327574768806 0.02674510008127465 0.006755999229467892 0.05888371366216427 -0.03259385771732758 -0.07919827105738536 -0.03136712974042913 -0.0760281689361797 -0.06053563585402661 0.028574431535134285 0.09847652892224407 -0.09753738895336461 0.007102149791271374 -3.4040819450695297E-4 0.03539785860836744 -0.08816277341281802 0.05544425241494013 -0.03207720878542841 0.056150607905219085
0 27 0.07751533006798976 -0.06653589754874129 0.043806480361281465 -0.09474074994275956 -0.03755400586236797 -0.05637714910412152 0.02932590581195692 0.011731296037914769 -0.06644913358266398 -0.017034534797889758 -0.08415142144166866 0.034718819729626656 -0.037647828609328214 7.1694908063132E-4 0.034318289753278386 0.05602039608961676 -0.058827384337779454 0.05187352550968184 0.08034118854428365 0.003872867145608104 0.02580685737699149 0.016660226687493937 0.024986512442483108 -0.023381348221029906 0.04929620969387929
0 28 0.08054461152932145 -0.010651836073736626 -0.05263487530562822 -0.0790327057297425 0.08528875495726593 0.052371963529953824 0.055520971878045396 0.048391382618721425 0.054348582372999735 0.015400972031096465 -0.07735904600244593 0.015868474549043544 -0.013182034205231377 -0.05399984835441908 0.02350414608652146 -0.08478850533115041 -0.023147896755343095 0.0965589663887054 -0.020516692805020942 0.04129539541514567 0.06358533809321591 0.034694178991757835 0.010557456101055213 -0.06336471612430329 -0.08348195813268243
0 29 0.051830366853143774 -0.044076624257677714 0.01646667998980401 -0.017376325330868896 0.002604739473012537 0.08525049365793147 0.07318307445609236 -0.0024849793458110205 -0.04088661925363134 0.014883815165419355 0.05974949794003895 0.06246209478004823 -0.0733414233688034 -0.017789613422380127 0.06419537049188967 0.027189702754673677 0.011713883748096005 0.07220143577062882 0.010067289042536906 0.03224460393203045 0.07995694500542073 0.01808763195340822 -0.037615261827856544 0.014669170357195305 -0.03548373009304242
0 30 0.06224631039302001 -0.011396718408321816 -0.0415965679542452 -0.052458678660450564 0.09919196379469455 -0.017601119656790273 0.042279303744693755 -0.026491704393212148 -0.062359522318050475 -0.09600052892682574 0.09246428571238938 -0.052878477326482765 -0.09553510700647416 -6.956122888536288E-4 0.08267255773672731 0.047282899868026744 -0.031090472707634872 -0.0783087643796422 -0.0462799542900534 -0.08145347345463225 -0.08702976072608473 0.09971119463144035 -0.05346625598103663 0.02401423361974416 0.052134697530023005
0 31 -0.08647573434625908 -0.08442515791662493 -0.08961577537574462 0.010074642418211864 0.02770724759591308 -0.07649678503953472 -0.02301040565287965 -0.06311015051246793 0.09047096895033233 0.006389641028811562 0.0633609745203001 -0.058491923117245916 0.0911744072570015 -0.0066014001940128885 0.06344976140265315 0.08459604108075593 -0.00824777457272484 0.035052453188828124 -0.06528714565966064 -0.0011703354796854173 0.08545846155910995 0.013937919758892916 -0.06656484100945353 -0.09103469896591575 -0.09615253140502798
0 32 0.028565982176347916 0.04763415931850175 0.07212947115683126 -0.012955587804004815 0.030283254009073526 -0.06723369798249826 0.08920037400573239 0.05535435713806126 0.019892465792183844 -0.07512651661361544 -0.010558858269047459 0.06727645056223511 0.09431176028516072 0.037783305221718154 0.09499161144003127 -0.011280121251043827 0.0319977940919908 -0.018033097224541966 -0.05360762214885771 0.05296867209084778 0.05359384803577473 -0.09980389913351953 0.025672601115390895 0.047229001037863046 0.04018753876883991
0 33 0.00813154992164802 -0.01191817656733767 -0.03439029000214084 0.012791711400817056 0.024288483098452423 0.04672342350998017 -0.09786555591532217 0.07952281472425733 0.0643908245396506 -0.08121009361129294 0.03377186768426014 -0.030467102796903265 0.04478161299308035 0.04115534727483177 0.038330813568584525 -0.019299139243820606 -0.03140149087034262 -0.06626498782258723 0.022063915019367674 0.007344199662694792 -0.03533936693983511 -0.09129674829426589 -0.01916812319378992 0.0520170421273887 0.0904852729235917
0 34 0.02422718392805826 -0.07149409174520117 0.019919576048738837 0.02750816125659774 -0.08939360896884294 0.03419959665942629 -0.0682368854832366 0.03265412561991374 -0.05285520021964719 -0.06395514475868662 -0.08638637853290901 0.06736753213425604 0.01746870086352369 0.025616218291368276 0.016852281612815066 -0.0056852272320494154 0.07901930422125326 -0.07558603904774035 0.07494221544703925 0.037178070112789084 0.06369154657288731 0.05789654301525457 -0.06985413956598359 -0.07368722353231189 -0.025058980357087524
0 35 -0.07894639385319098 -0.10288947937872964 0.09389791439607706 -0.06325726575874789 0.01789279710756764 0.044391506660691776 0.04833997049867314 -0.06250815367484706 -0.03998651886773664 -0.10358045418244367 0.09363104336244654 0.0929695981849346 0.02082629875179189 -0.03221384748138426 0.003271925460978402 0.03438545033259547 -0.08218973674132272 0.023921267937001906 0.026168985121043965 0.02051164181071731 -0.05160471866419983 -3.645936121325289E-4 -0.015682430671758497 -0.07146098824068288 -0.07728617336028845
0 36 0.03657319976017641 0.048051418440243195 -0.06291427924254955 -0.08988702481666856 0.06405377513018419 -0.06808018609300895 -0.05675426631760272 0.042018224882345946 -0.0536824294234173 0.044871659194044025 -0.09076456685274092 0.05313849797583952 -0.008045916653233162 -0.09515299894243943 0.07769499483995825 0.06969099083092338 -0.04460931309322442 0.08777045975553724 0.010729815190102866 0.08320482905632565 0.09042723095880663 0.07560369331222529 -0.09211804003583277 0.05578212903418156 0.030365553651005798 -0.09192736371667218 -0.047573361505483795 0.09556673727977055 0.06728120179193077 0.011511144992546105 -0.02012158400010371 0.003910041205892001 -0.07393570969935304 -0.05175871325411173 -0.07239341720169323 0.06764348728098453 -0.09055415477855369 0.042432450803974495 -0.06464476317578564 0.04966695967579094 0.04956467397265211 0.02383996576500328 -0.017409288605593334 -0.039017309732596865 -0.08946110127388807 -0.04288448737462695 0.012198707818361075 0.05746027276205779 -0.053533043196546205 -0.003881166279927557 0.03150649983770229 -0.08399607843052574 -0.0560108269041578 0.09688728100835745 0.09021836892609696 0.050848509009683664 -0.038002341997188764 0.07002826342737223 -0.06449932161534845 0.08490626704634759 0.028867369341050657 -0.03433920961351309 -0.08142802305033603 -0.017236068837171454 -0.07464119743089143 -0.08974228580614307 0.09288242930058381 -0.059729081855241145 0.09462401253743466 -0.03895442521423002 -0.02050118686479652 0.053029270793135415 -0.0795910200813852 -0.012514696298924273 0.025100794484208114 0.02249017915192777
1 0 0.03150533989119215 0.016644093183205307 0.04694723424612717 -0.05370111674192731 -0.06558207603192631 0.07908094356125908 -0.02572660209123069 -0.044548678375758474 0.04758526939101065 -0.0820762104848835 0.051382326118059415 -0.04271371471900948 -0.02474610798347952 -0.06787079676295216 -0.07971149120359061 0.025295838340999133 0.08669981296801776 -0.03142885234328399 -0.013514944739183781 0.022706390407977086 0.0157150008781211 -0.05148135128506749 -0.09259316673759349 -0.09298591277435976 0.013354449841938912
1 1 -0.0765280768321246 -0.026698963412295558 0.0973049849692062 0.05094732188137804 0.010186333465393278 0.015702262731961666 -0.04690636995667957 -0.03675000517896278 0.08574858400717181 0.07714920940354544 -0.023439334573831207 -0.03368090024339403 0.05441022868441631 -0.012462164612896932 0.05507673476071387 -0.06083077494728909 0.06013182474494934 -0.07714482048272572 0.05730073890329323 0.006857098628776344 0.024559500407159943 0.08499412133320933 0.0459115871971562 0.04754135777832837 -0.004307216886959711
1 2 0.06864308641045261 0.06032888222792227 -0.002349910512087449 -0.05735459892732646 -0.04039463790075476 0.03097969078827596 -0.08240723118528168 -0.08985936622258073 -0.041132404634135686 0.07315484450036747 0.09686261547245563 0.03128035057084819 -0.05003246560408749 0.08574268787688007 -0.044286817428825224 0.042424659652040154 -0.02428591407405941 -0.08751642825259287 0.08566081028446226 0.027891429086330903 0.07586597307125399 -0.028743645378081283 -0.024086659696825875 -0.0950952241626879 0.05176011467291002
1 3 -0.0746203586953112 -0.030269025764403906 0.07434012609194014 0.07356934864410512 -0.06885812052854944 0.043791028276865526 -0.0899778565706514 -0.009176828117039432 0.05017701998446065 0.04811755825001821 0.05224559830331281 -0.09634442928958717 0.014739162040279818 -0.06548845795307466 0.02373549014052137 0.008159787265666034 0.08338984681264984 0.04192261802218175 -0.08948208333509401 0.05622521772662132 0.06631537467457148 -0.09704350176732413 -0.067926830220119 0.05257428648239602 0.08145373439783084
1 4 0.0923105932841674 -0.0672639198193639 0.016864039750285015 0.03111137853334292 -0.033176277000235364 -0.007327899156817976 -0.08752012506678945 0.005530534972234995 -0.059023457745034716 -0.01109090152400799 -0.028287120709274374 0.03644522342626458 -0.08577304228824445 -0.07767915159881168 -0.04701719444664296 0.0014441350350669069 0.06536681607682482 0.05038513494405675 0.024138896428836147 0.0292746629028875 0.09510256751045512 -7.281033581638007E-4 0.0429613572388114 -0.05018331431517475 -0.06079598521921236
1 5 -0.05988659561377565 -0.041394803126483 0.08495768075526977 -0.026059901680978326 0.04212613073929018 0.058941022330522036 -0.0699329127684476 -0.08548009324942259 -0.02125068346218484 -0.037029907583643745 -0.06860493381512987 0.08655137146364143 -0.04240202907873575 0.04107026930349924 -0.029492566399471436 -0.08326485117327956 0.06869378189868314 -0.008424077975824338 -0.016380728646020176 -0.029777289380274647 -0.09759485830272711 -0.0037602347804534713 0.04515881164095096 0.036872881491743774 0.002303803340279488
1 6 -0.0421471168883227 0.032597774991744016 0.018262977738741793 -0.08780258882525703 -0.08595965212807445 -0.08436862366970684 0.01816284608582204 -0.09022004164621407 0.04756706604248101 0.02406562964300177 0.07125624362215413 0.08175274602848778 0.0326547261982486 -0.08969187487102215 -0.08349414711329234 0.0877481736980937 0.05394424459217368 0.008763972220464197 0.015277703325473813 -0.06528149622790616 0.08207328812703635 0.09153614860190261 -0.053502901608197255 0.043031955030663774 -0.07195946274222276
1 7 0.07591950824833836 -0.012165976085717175 0.06983513152935399 -0.0839789578363952 -0.08806335628417554 -0.053852149796734125 -0.07544546756387523 -0.05135524631436927 0.0867583773986833 0.03828560062624945 0.0031709129642295947 -0.0843379937970587 0.09642205671658452 0.013264387083173125 0.03791858866991132 -0.0848472142566513 0.03652244142521009 -0.031415704428066425 -0.0055122400121635 -0.04457659507119398 -0.011612654408725361 0.04218521118539011 -0.004727212760189422 -0.039982836964572756 -0.022152663217167076
1 8 0.03631197661161423 -0.0810634195804596 0.0865001305937767 -0.025748873129487038 -0.03602037951350212 0.04274098947644234 0.02068736031651497 0.08331333845853806 -0.011847138404846191 -0.08303101360797882 0.07703382521867752 0.09024439007043839 0.08057142794132233 -0.05822988227009773 0.08767203986644745 -0.014320546761155128 -0.08080879598855972 0.050476253032684326 -0.09716043621301651 -0.029557693749666214 -0.050832558423280716 0.03034346178174019 -0.09001666307449341 0.06138284131884575 0.03547688573598862
1 9 0.022505306043320693 -0.0574576797828055 0.03562648726510044 -0.03035313852208579 -0.06918618306604638 0.08835243720356295 -0.05351906851522562 0.03187771627465732 -0.08083501228613561 0.0539848658351107 -6.219707610378179E-5 0.09642477797291953 0.06128897206317268 -0.0723603786768524 -0.03166069652230512 -0.033053183709331926 -0.09567275751589657 -0.0786957206008252 0.06900270984246133 -0.04142284473608531 0.09141152803835896 -0.09900707082027785 0.07946705359670278 -0.08576594770167306 -0.07538373509592895
1 10 -0.025833385065269287 -0.02018960837307146 0.03402660294674433 0.05155926988237401 -0.010773045498724427 -0.05895766775448334 0.04104882085385293 0.046351053991544905 -0.0629338699899152 0.003040714596494618 0.03198238046234259 -0.07800516877725382 -0.003298956100216106 -0.01282018614974021 -0.053458729913188376 -0.010944250583023505 0.05186469180543473 0.08993211679883793 -0.005699706082264415 0.07554392214980027 0.056500555910525996 0.0900651280158059 0.01656612478804846 -0.06138969612246351 0.0415007264045184
1 11 0.02606849820105444 0.03557454798677046 0.02047288119840896 -0.0489708889899924 -0.09469474496261193 -0.02308423845659995 -0.04917386800392898 0.07000190039042586 0.08181345539412944 0.08501905218536121 -0.052750951224187055 0.013863886405991331 -0.07498993619991313 0.056607445772351675 -0.03495206323003563 -0.043495018559172004 0.0399498309237937 -0.0701106947864445 0.09630936633810072 -0.01342239795148083 0.09789853198925326 0.050811430237561815 0.0698138383059366 -0.08218782343541586 0.07442947098924112
1 12 0.07330018941624968 -0.07007395173667555 0.035667983852724905 -0.07754343815432976 0.07572384214630695 0.08306230883150988 -0.04984817220620979 0.002181120865265296 -0.07343133242818445 -0.07762389060300316 0.04205511995536795 -0.05199438025564769 -0.035799788277051485 0.07699121241073245 -0.007919843274434743 -0.014693171561708837 0.08936688078204512 -0.0885368516150306 0.019063170459929564 -0.02758844457209623 -0.08961486930416188 -0.054177101106741545 -0.059509299796609454 0.021017650884046783 0.05929066473638671
1 13 -0.04901899769902229 -0.013181495480239391 -0.034651726484298706 0.025845015421509743 -0.027252351865172386 0.0756252184510231 -0.058593302965164185 0.003470903728157282 0.08494254946708679 0.051603108644485474 -0.06419159471988678 -0.05548957735300064 -0.08724160492420197 -0.018215274438261986 0.05412612110376358 -0.04204829782247543 0.08519331365823746 -0.07823745906352997 -0.0791526585817337 -0.0048209428787231445 -0.030038421973586082 -0.00200979714281857 0.040347062051296234 -0.06563311070203781 -0.07802195847034454
1 14 -0.057853936397155685 -0.019902583171340825 -0.019113603233811498 0.06710103930251655 0.060782845896318605 -0.06098711332868512 -0.08080834403976242 -0.038466650798284464 0.02717979515217009 -0.04775747268622232 -0.011716188476600475 -0.07037913736207649 -0.00913716003014402 0.020253177802621047 0.0777563861336655 0.08966492064050956 -0.09637377008366672 -0.09581806631936152 0.01836383219822555 -0.02696795208274983 0.015807800279056303 -0.05851601643177832 0.09239827662991121 0.08596295914972818 0.02943398611559014
1 15 0.02119496822436384 -0.04138972361246192 -0.003918386968522442 -0.029556976661511483 0.06093215627179026 -0.06011689785236877 0.09081002243150606 -0.05701945695198206 -0.07784436345299701 -0.09356166336942799 0.048368895606378554 0.023427854704524853 -0.03042455110818821 0.08371176817164745 -0.08664519247967901 2.181043988410777E-4 0.05419881369678161 0.07684061184417024 -0.07395650673447826 -0.04916992783822188 0.08200792676797707 -0.06213007719981551 -0.08158292626694216 -0.008628727642515696 0.04407528749773711
1 16 -0.05445391403267103 0.008127484673045422 0.016128282721673503 -0.039891506061994195 -0.0530621930782823 0.09785498479334305 -0.04217914678736916 0.046690815306451236 -0.0032831826234307137 0.001224982439080202 -0.03810022717982528 -0.04370798458139236 -0.06645749644233893 -0.057660827554872535 -0.04736843950348682 0.012609245144125784 -0.0536889622594602 0.022916794840375385 -0.011737412469768218 0.09627443279486196 -0.010611105428005993 -0.0022720199589813398 -0.012108608648643411 0.08177196776393585 0.05370302632240621
1 17 0.09562281536380156 -0.019556579696628128 -0.008558927867557036 -0.03895278113409207 0.009516333927435615 -0.09480710635790508 0.081989255428021 0.016768028128331124 -0.040929820449335776 0.0709342492780447 -0.023892416541206763 -0.0685533691379599 0.09379942028045678 -0.06443295395953243 0.07890812133426561 -0.036234670190973345 -0.039766513186049984 -0.02587620891495347 0.03062931754925525 -0.07039612645421602 -0.007582112840476462 0.0973545287054845 0.008295389981429358 0.07992020411681429 -0.030760195712456005
1 18 -0.06499857072934119 0.08744700555862038 -0.04880616938925488 -0.07376186132782538 0.0179297541389392 0.013797121313280232 -0.09330541232878715 0.0967254268202593 -0.09460256853665582 -0.027314432858914117 -0.06403285525832354 0.021882537499470143 -0.07563025639545636 -0.08184457850774932 0.0815019151333668 -0.01741986432552949 0.009708132645309496 -0.01610472720787728 0.06240576570092119 -0.006519666828911662 0.09942926952093069 0.052965888629655074 0.0413149834967646 -0.08605256929713131 -0.04846402692909369
1 19 -0.07309028197612034 0.018190432819273246 -0.027197791458680228 0.07269499888810006 -0.03437463624186656 -0.0649775837518894 0.01579013111099646 -0.00910962698768142 0.08614492053553553 -0.0056269348817500385 -0.08539067391306736 -0.012600458614572018 -0.056742548657714324 0.04374802918890636 -0.08720198757355371 -0.017699466938208525 -0.07782319756834226 -0.049518732501935614 -0.04109614178677215 0.05623770170217353 -0.04488867957168507 0.033188725546469976 -0.011692124317711668 0.06424352002795149 -0.0037749012728804177
1 20 0.026436472739327928 0.05791729766534983 0.08176456452139903 0.09582541032413562 -0.06472924692676804 0.011121047659319034 -0.04754545076055036 0.0903380530031884 0.013863899202254615 0.04865769355364239 -0.017835496353912215 0.0835271412207624 -0.012954153191635126 0.03955983442963639 0.09376792743943779 -0.04289335107064973 -0.010067246723303997 -0.06068835193796284 -0.02101808561430641 0.035207115608763086 -0.054215462216123965 0.09646650455221262 0.043506244590302855 0.08129640946475616 -0.06992695288418234
1 21 -0.06118397042155266 -0.02370813488960266 -0.046710748225450516 -0.0750117152929306 0.007796424441039562 -0.017527693882584572 0.08562876284122467 0.03301559016108513 -0.014419925399124622 0.08010335266590118 -0.03361598774790764 -0.01579991541802883 -0.07598090171813965 0.007266920991241932 -0.05517719313502312 0.03638449311256409 0.059342123568058014 -0.06676735728979111 -0.033937860280275345 0.06040468066930771 0.021215224638581276 0.053796447813510895 -0.017414480447769165 0.037688154727220535 0.02883738838136196
1 22 -0.01316898646103232 -0.00970776806285666 0.0045616907933986464 -0.06810781223340345 0.0065724268249822485 0.039193181087722205 -0.09491813827806783 0.07183251953925676 -0.06748370087356836 0.014723619288014269 -0.0641457637298194 -0.05086499012518748 -0.07821426366075553 0.024317672025876355 -0.07414768681139121 -0.0666343121993183 0.025342884855502554 -0.023041163466780083 -0.008006141137490768 -0.03779528863165637 0.03605564722359215 -0.0027902755311851176 -0.08512900437049856 0.03816272171828477 -0.07620905074920767
1 23 -0.03731429576876035 -0.024846691638324418 0.0011530339250320782 -0.09659451246272634 -0.0448328144847591 0.06273169815553761 -0.017792081459916235 -0.04354647919537695 0.021827554330342454 0.058328378945678286 0.0815618485214065 -0.01436201296756552 0.05416657403105033 -0.04611165449021975 -0.0067727984861867055 0.025653248652952907 -0.027864366769554595 0.0717466399075111 0.023938298225267836 -0.08005186170363165 0.024771917611224555 -0.024728512391704784 0.03376243263482125 0.06242512539048892 0.007067567203290555
1 24 -0.0254205699600027 0.08388717941588282 0.07031570959251107 0.06564963132038952 0.04969103894411436 0.01697615868335676 0.08328213390831792 0.03108556148781078 0.07747299390454705 -0.030407149257563392 -0.013519134267037764 -0.0257107946648735 -0.03284296909194806 -0.07087123044310889 0.016739725812489507 0.06165807862566508 -0.04300845246712693 -0.09628444320685442 -0.06500021864371335 0.07787092692322722 -0.07972268219243958 0.017590659542301334 -0.056358654300283306 -0.04167591524867817 -0.06870603968591103
2 0 -0.04947265317285276 0.005975731185820797 -0.037302547550598586 0.030600770643630416 -0.09377034208497936 -0.027770272769526514 -0.09686400291630419 -0.014272607798425601 0.08844448646252996 -0.005594762235593146 0.03200212553833716 0.004620616306443097 0.0665152107357793 -0.09169197632723737 0.07618565230569566 -0.041313354738732856 0.08446245862681595 0.016268953955710277 0.042469480025772284 -0.07078034440939189 0.08931536449876228 -0.07661972573447384 -0.0629315505040603 -0.052383829140659054 0.022274362756704687
2 1 0.09115153834667573 -0.0817043684951178 -0.09352692261378127 -0.07105714986043042 -0.03384803752078745 0.03778170853885758 -0.03511209971227174 -0.015885305619613765 0.037812407867444095 0.08645158562632929 -0.02268687765453656 0.03835138782721072 0.05168317766226044 0.07790179690355364 0.09901827663013749 -0.09680708085646582 -0.05275473593821006 -0.03170177219406148 -0.028212964408926868 0.0068623018203598125 -0.07658055242791113 -0.019425650488339965 -0.012796163147259608 -0.002798736698364727 0.09999747281186382
2 2 0.09948392869282349 -0.09945078045883127 -0.09991472740191037 0.022327004807475286 -0.020998330762591846 0.07766339914736442 0.01663280379132119 0.026873893523704954 0.055954510098158626 0.05821268801418455 -0.0752531676125742 0.06928459419374668 -3.1073994029365477E-4 0.09627372573191986 0.029798544607486134 -0.029920289428199326 -0.02295619255548695 0.05413001335421448 -0.051811266581624806 0.08651823202871847 -0.04126411233977937 -0.02488969639560446 -0.03256344526854746 0.018211383852481288 -0.044687706465249166
2 3 0.04842850654078708 0.044292201235589974 -0.021727906513936968 0.0819226507228685 -0.01105699561760082 0.053415667484005495 -0.028972104319149025 -0.08856301562082201 0.09402557458077486 0.04611095624194447 -0.04686231246506434 -0.0361448025115438 -0.059114563201571685 -0.002962177836269352 -0.0012896152694363604 -0.029312844909984693 0.07484706870261681 -0.02496503313828976 0.0581901989699486 0.015053121465427003 0.08311841581743333 -0.0922181251907075 -0.009702987502566846 0.003116164505531618 -0.06519342921539373
2 4 0.016919733596071518 -0.05818619918682028 -0.0398672935184335 -0.02384331460537007 0.030169445301667923 -0.008725711942188356 -0.03599036174544548 0.010894025008173243 0.0315706742883535 -0.07615380148136972 -0.0698595335164394 0.04905100373074454 -0.020260006177423857 0.04869420760626218 -0.08150914788331085 -0.05641294322595834 0.0068354593658485245 0.0034877546070809264 -0.08456013578718376 0.067537047379843 -0.016196565166820345 -0.0572829046362988 -0.017597765657402935 0.05876082360795321 0.07740449427276301
2 5 -0.0495613442363253 -0.09423605006223051 0.01572162720730647 5.506212015762895E-5 0.09967886386059992 -0.09124328684176365 -0.0704798907398696 0.04445145950342404 -0.04388675501335808 0.07103045525285952 -0.004883819669856879 -0.0935125342505455 0.06307241697524182 0.014724644629407962 0.07569060941965726 0.05498806036295138 -0.03900199669522602 -0.014870913462414965 -0.03294744859827991 0.01993288525264541 -0.022666464848057937 -0.043275033044898235 0.016731625429202715 -0.0377045839520121 0.09455047631232698
2 6 0.00996358967317575 -0.006236424989610995 0.0750424090967395 0.0933106980186624 0.09510898319123107 -0.044307235013099015 0.050303240935645636 -0.044772016643159634 -0.027967987779642118 0.016440123724682246 0.07332377791614329 -0.07044330773852481 -0.08974931222847066 0.072485391893466 0.026595483105547497 -0.07516489255751554 0.0796881094811407 0.07276079236459956 0.07874947802766905 0.0073237145787553035 -0.019378617428046134 -0.03509901962618637 0.04397841007998886 -0.06771032000491681 0.03348437617168836
2 7 0.08414639555139285 0.03884249568797046 0.09476932591765762 0.07477201153278216 -0.06048242779325243 -0.03951956960049594 0.08676299300186656 -0.04387547400656626 -0.04061990566230495 0.07502844146742563 0.03311084190049239 -0.09056103828200569 -0.016925432299520246 0.044351740138875016 0.015331300945480115 0.05769135257469489 0.042525932148064126 0.005824932334276151 0.010942909411278167 0.08878917628751112 3.709130559550391E-4 -0.01902751164990108 -0.06418694610811725 -0.09364750546375636 0.0680324581598411
2 8 0.002380366513923959 -0.034978567034684264 -0.026067152886222782 -0.057990538158672174 -0.008606883294582257 0.011682619405088501 0.0174153026469756 -0.08591460582985672 0.09806062588748854 -0.07541576702419127 0.07650048644188907 -0.07636455654677086 0.04872736968110434 0.05148432006262159 -0.048853179400792035 0.05311382455234527 0.01046398635711834 -0.016811322860787275 -0.011348487783037747 -0.07290531101095044 0.09372665010395755 0.05317415395448167 0.07717161344555534 0.047778205224871736 0.04352553573196012
2 9 -0.03016983426980621 -0.04778387941060563 0.07333392881423106 0.044751041362045524 -0.057293432467557616 -0.0779679701978287 -0.033942153447752824 -0.0727018563495206 0.013081560584013977 -0.08339555894221824 -0.06234703410008757 0.09908178863645696 -0.0706911722864236 -0.044717994032980074 -0.0589418844802278 -0.042714602560189455 -0.053949915807689146 -0.04218967372303767 0.03534053033078523 0.05569239621177902 -0.02943974593113145 0.08656352564920416 0.020517156500361282 0.020334303428577765 -0.020008853907112746
2 10 -0.0889382808080811 -0.09889883157059608 -0.037476555830766624 0.03774402394307483 -0.05838466143062596 -0.06666080378930918 -0.08420728860113967 -0.08148339718240671 0.0974060809344159 -0.08889044326159562 -0.0225176465884799 -0.011636330211646565 -0.01589629094083964 -0.007812021413209906 -0.05031845537567036 -0.012019895820532223 0.07379842131025993 -0.005955355757347063 -0.09393551295910693 -0.0797898334369568 0.01717203140349555 0.05550329368134255 -0.0559341714285206 -0.033896869232755915 -0.07145390542065379
2 11 -0.08984249676036449 0.0474351291154759 0.020128412880055364 0.01342641014371921 0.020064515717470775 0.05597519980667248 0.09751260223087511 0.050694684745460725 0.08013860070788052 0.01944007940903791 -0.0353618458811282 0.09954343397052375 0.026767120014260598 -0.00559658901403446 -0.010860284448148447 -0.06751965301203833 -0.0356255468419865 0.02382061107163193 -0.09840757594584197 0.015792078862383412 -0.03772790995364088 0.028313840447619358 -0.06199284773973101 0.09481093991461782 -0.009086770592027128
2 12 -0.008670796575957268 0.01637190475950916 -0.024160573189541318 -0.08529608386931223 0.09760968787036987 0.0973889464223439 0.012666898375996024 -0.09974583414100903 -0.07444714970622852 0.09733688057580525 -0.09855753260054324 0.0560114799998074 -0.08001631035656996 -0.05000827246334255 -0.017909825638155727 -0.032417443442415775 -0.011893568532994512 -0.01886732001016837 0.0020442572398557653 0.08166158296314972 0.016589932628322694 -0.03210963237645498 -0.04075940388864998 0.032659877657753335 0.05113552927932274
2 13 -0.02946881633210524 0.04273783922369755 0.024035899293497285 -0.04243914657119401 0.03332916208028989 -0.0712002099651983 -0.09755598347338319 0.033176011077953094 0.03485406229660236 -0.029216501334040863 -0.061602448729712274 0.06940223157325479 -0.08982148984235612 0.0277302015674836 -0.08374244001199868 -0.04274911342441566 -0.04933002978232253 -0.06687529285764941 0.015912484390604904 0.08397052383058184 0.018175549058984716 0.026523139967854846 0.05933785482508203 0.06266019349203766 0.013844661990073915
2 14 -0.06983341058109216 -0.07230843274905689 -0.033468845042217275 -0.025526130904435774 -0.030972392506450303 0.0921003193659838 0.0434365005209331 0.010167804336797604 -0.07467747430982316 0.08530946736207372 -0.0020602018776363926 -0.04109659570700817 -0.08737563858485775 -0.07317029291785787 -0.09289830663752788 -0.02518189700171111 0.08249117643324119 0.07452566673287075 0.0029934630214086947 -0.03262328029637412 -0.08267166559365863 -0.09498946700191636 -0.03137610276652125 0.04349151325402129 -0.06925863780265759
2 15 -0.04824742537287513 0.035292115161810335 -3.255133982144858E-4 0.07546868488875509 0.03396503194781884 0.07056564494482838 0.07044692994725134 0.034560514324839677 0.012255805542238585 -0.0820594149689102 0.06282702474343052 -0.08585590684140314 0.007960877978517491 0.005727023555303815 0.016923459059264515 0.08341125047285929 0.05087340297404977 -0.049858760583953006 -0.07741858831018693 0.04894693596275073 0.007502045011789599 -0.033694961226894436 0.09651743378115508 -0.05967461052242628 -0.08844443165753256
2 16 0.07500772295502754 0.05990110559266124 0.06429300207366809 0.02163713033453393 0.03500525187975443 0.015563053534812979 0.07547261031598834 -0.06675969112849121 -0.047061713865777316 -0.09552150995735269 -0.09731098838146314 0.006798961409118701 -0.08222402855172177 0.059016523075167034 0.005632478473923225 -0.09765708333510927 0.02446665434368528 -0.05591565746799072 0.01577463695406884 0.06948959338387843 0.0637770911450755 -0.09952749910451367 0.041489481081307324 0.07644871837620602 0.04352239190426452
2 17 -0.06571187305471542 -0.06563109865406651 -0.062171080749167336 0.03404836614896552 0.0860172461188843 -0.023187043362521736 0.06514745571169107 -0.04601836796493791 0.08023611150216678 -0.01990949182983622 0.01347759199957724 -0.03048457447489445 -0.08605923576389611 -0.093214543790903 0.0795828898556248 0.07354014274558997 -0.07130253569929121 0.056325638754465494 0.036950417282627275 -0.016762213568297442 -0.09148498295334856 -0.045432294892055726 0.0427173390731819 0.010052581151685612 -0.03171344341211408
2 18 -0.046633008899384626 0.09931536539770207 -0.04405734674217613 0.008316256343986932 0.05314626882410401 0.0860617211108632 -0.06412243248214092 0.04120973472265513 0.06097830925633818 -0.034058413276880244 0.041198403210499134 -0.09156100581684813 -0.009725574622939529 -0.011048257031720786 -0.023557386612561952 -0.06341177664642383 -0.02291754522325968 -0.03172337098444707 0.07024964846966661 -0.09869440648977493 -0.012798942928861166 0.042866508860543606 0.03107170981966918 -0.05809236232988536 0.06945213879906621
2 19 0.05032167349674705 0.013887804643612504 -0.0679341503782096 0.06922880253479957 -0.039778596384394564 -0.05332863593385544 0.0307469024834719 0.09824738439651766 -0.017009010065026177 0.07880861269283473 0.04715310025032519 0.010768802423119539 0.03836073475029188 -0.049094807143999976 -0.057934055424072456 -0.007567118956784191 -0.02288713508166851 0.030468778221989953 0.0327615419963971 0.04463436155804835 -0.05084131409585057 -0.05350166159649761 0.05217811928576305 -0.0651432921962389 -0.026248255409210327
2 20 -0.09817515303430253 -0.08642501504796299 -0.07437505190654878 -0.040718638640114706 0.04220887328213141 0.06512442366425575 -0.05441882346845046 -0.02010059823682673 0.007185419994662547 0.04653162511756865 -0.07031009532981194 0.044249699001421484 -0.03451061107339628 0.03262929154547731 -0.0869174491590344 0.027398904586409253 -0.034314251678361864 -0.050668052773901046 -0.07673785508744325 -0.01801154922442973 -0.049330043413608415 0.01707113815944636 -0.08612744440686464 -0.02759517283589765 0.09365231707897095
2 21 -0.031973765070578676 -0.07744017019096225 0.024444905689425714 -0.03273154918665004 -0.09971134920115561 0.07108452581229552 0.035551335377947225 0.0930155192589659 0.06098420434263187 0.06280602964945146 0.08827109810690778 0.007959383410629513 -0.025165113369190303 6.735814994140439E-4 -0.0761654309874707 0.023407024676322816 0.04171403218117682 -0.07064284218516864 -0.0864877078590056 0.025985028040763598 0.004128266023420317 -0.055245306247483354 -0.03374229441186959 0.06819258567391123 0.08603667894927296
2 22 -0.0887395421140705 0.0527330165155286 0.013807358685866033 -0.024703263700774893 -0.0690642838680934 0.06631496197885622 -0.048059730773951766 -0.024628053560456113 -0.045429187915254424 0.00948789885497274 0.04753670495937838 0.030603147905595856 -0.03868372018823604 -0.012414506940716805 0.03547336215249391 0.02759382969969894 -0.02735904309862832 -0.060556716843145855 -0.0012249762155465077 0.062218759943164524 -0.0667194740151451 -0.035323811278478855 -0.005411433745976404 -0.04357385540623647 -0.09527343155375281
2 23 0.004506173188019857 0.045156510885228096 0.07428716681262477 -0.023651128499154992 0.07704598352537184 0.00743261759329064 -0.08162181589377679 -0.09204455849369964 -0.05423696893490611 0.09550593039779197 -0.07096141490443507 -0.031558454792711785 -0.019300797543424283 0.07398868838696411 0.09264072488966216 0.06129001545496224 0.07066754157812 -0.03992168094645378 0.02762738588015212 0.005340809491859276 -0.07581316647234208 -0.09977385290763878 0.025419242555069447 0.02325610920459494 0.047534687010911215
2 24 0.08884618179479949 -0.08432716901081676 -0.0024775447507375927 0.05889357085402172 -0.0604958028744825 -0.06514833071343507 -0.07236470520776296 0.006430739495830226 0.030444715546759243 -0.03305268753507795 -0.06926990931972224 -0.0974315392521837 -0.053501351452866865 0.07864236593680976 0.09512204982531887 0.08492079443401138 0.08627674883200072 0.036367033004792444 -0.08504380156943364 -0.09970104148003169 0.07453302734294946 -0.022529628290085257 -0.025574483296346293 -0.03038145222970614 -0.0953173362427116
3 0 -0.04527777234834008
3 1 -0.038571477739645185
3 2 0.08636239024118593
3 3 -0.07181011659093652
3 4 0.09231221020467772
3 5 -0.08296402541658271
3 6 0.032294051683539826
3 7 -0.0761729719521442
3 8 -0.001538770160869242
3 9 -0.09664736818949658
3 10 0.035638533854030714
3 11 0.03504751412108772
3 12 -0.013590668187474281
3 13 0.058761793987511475
3 14 0.0547698206495887
3 15 -0.0429553099124935
3 16 0.05686906584865286
3 17 0.029805909724865267
3 18 -0.025165189146263686
3 19 -0.012151588562228977
3 20 -0.008611767033590267
3 21 -0.05221441514299022
3 22 0.04964049703068845
3 23 -0.07191319943859513
3 24 -0.021486587458479554
