## RankNet
## Epochs = 5
## No. of features = 36
## No. of hidden layers = 3
## Layer 1: 25 neurons
## Layer 2: 25 neurons
## Layer 3: 25 neurons
1 2 3 4 5 6 7 8 9 10 11 12 13 14 15 16 17 18 19 20 21 22 23 24 25 26 27 28 29 30 31 32 33 34 35 36
3
25
25
25
0 0 0.020312221522703764 0.012083601926418724 -0.018379185770598893 0.019459574899875254 0.07610691978996804 0.07312266639212281 -0.07443263457733897 0.03668268967510687 0.004969082960741538 -0.03989547819580501 -0.05597092175341743 -0.01663510452584435 -0.004104242118846645 -0.036148242091024525 -0.01263805304795548 0.07236486735400754 -0.07829579365870314 -0.05374444525166898 0.06314703103368509 0.016331518024542732 -0.09213804547587134 -0.059001448256309395 0.02774184873387837 0.08855424851790229 0.05215606433885858
0 1 0.08521133019802486 -0.08381223167527344 0.010291024832522738 -0.033255344545321086 0.08773005952178332 0.006193269968564588 -0.09160405053134171 -0.09654855920383937 0.0614631902229731 0.07508283209296959 0.09624075933779717 0.08047848317525973 -0.07234101162012296 -0.00862772520017701 -0.02051662800457879 -0.08580449892660935 -0.034080115454675694 0.00478670112582003 0.07420498204569843 -0.016366688011345786 0.06947778288964576 0.05760128850610548 -0.06092534585772908 0.08223865092710814 -0.031506971666920444
0 2 0.04670648482000737 0.043115124689453214 0.01961564460525453 -0.023647002069726 0.08572920988589117 0.04239505668126117 -0.03266514257963032 -0.05116443054640885 -0.055163034436197536 -0.06998399475968957 -0.016572731066751657 -0.05547235609603909 -0.03837519436578458 -0.0037907206731838837 0.07814124982665221 -0.03223002931102919 0.025592228373799167 -0.028912101813299795 0.030561064568200576 -0.010504750282004661 0.05002761224489006 0.036484766722663445 0.0023419136073672925 -0.07510469954977425 -0.07275618625307978
0 3 0.03218837493113352 -0.06690358572086595 -0.04709922912305382 -0.03850520232140049 -0.04016938010884102 -0.06895471507745757 -0.09858034670815741 -0.0832272661739639 7.532385899483569E-4 0.09653563745644655 0.066877461608101 0.08613010151760993 -0.05103585624722792 0.0234858801205419 0.050724956368236415 0.023786788315463846 0.0462887284613888 -0.026100549442679723 -0.016289304962439573 -0.0020113328498447963 0.027092263484242905 0.05986499607637016 0.014500401859239358 0.012377950161407332 -0.06220155306780219
0 4 0.06741482374516529 0.012790290330714665 0.08457871802087379 -3.78232065050112E-4 0.07724429763537571 -0.07412804764987087 0.08325529319106544 0.045764104546501296 0.04419560795499219 0.07415007013520922 0.028507393529907405 0.030848620559961494 0.0773784689686297 -0.03321898254016615 -0.002970105231116069 0.09867988493624169 0.09894147164176872 0.05440730574842695 0.04517352689334157 0.021687521788844713 0.07797671467529588 6.827036579469521E-4 -0.01883177111776873 0.07833924412382685 0.08785591200596779
0 5 -0.014987272206851976 0.09078297958108447 -0.0808207517817105 -0.04242069488360718 0.08543231417381858 -0.04648768939265055 -0.09702918636051652 0.07670383808002186 0.08449773465159711 -0.021311754625492292 0.0383909178951901 0.05123481894544071 0.06590001882854424 -0.028260799357307402 -0.09136478913297404 -0.07549440831262033 -0.08571724143169815 -0.0184003528877401 0.054961268787846025 0.06570130101334896 -0.025377522789991402 0.018885399011106845 -0.009207924779760854 -0.07487750412441793 0.03329401938072802
0 6 -0.05534224684094782 0.0802145076784181 -0.059011619885239765 0.06920136809817395 0.08028357297121812 0.08633643649188377 -0.07214618921149742 -0.03066903854218316 -0.09730644259888285 0.04691052250142623 0.015343162279880472 -0.06479368397991156 -0.09201791740420494 -0.010132679768412254 -0.09973582059486373 0.019739625237955402 0.054935879565112006 0.00987098889972143 -0.022253027592102424 0.070576901670156 0.00907236150803859 -0.09255480011123259 0.09410975262034244 0.06177908601718741 0.03546117150409253
0 7 -0.06475140272142096 -0.006779834009705758 0.044777237769287784 0.023587111547355422 -0.09966088144895047 -0.06792044421344023 -0.05313243726530865 -0.06046908324863079 0.006389549530466454 0.0906372287806462 -0.0501336296116951 0.012185515965922338 0.009930405571331503 0.07335609711129508 0.0041758903828621585 -0.044481081035468426 -0.011426424271284024 -0.06491037380255485 -0.09552377678185796 -0.07558722166054059 -0.09869771034128921 0.06949575846871527 -0.035134180093808906 -0.05343573049056172 -0.05507275243697735
0 8 0.009479386273115783 -0.08049119976200926 -0.0020229462294321394 0.07076744818847641 0.03190818993271261 -0.06730164924445337 -0.08709524160549031 0.09661773737868617 0.008454878738174965 -0.033971952059967836 0.011267232701629477 0.089525575725085 -0.06583702754552292 0.012167456049121004 0.0557700406479892 -0.09413641202481925 0.03493076424858553 -0.06239421712339234 -0.060976161285858074 -0.07158392309524415 -0.01471699800010178 -0.09044427189018633 0.041888330052197414 -0.03108010116689617 -0.007199046020491959
0 9 -0.04931478452393615 -0.020808265425993202 0.04998487263236355 -0.07168477010846948 -0.02849047039915246 -0.07067152707860583 0.06792311041978732 -0.04318401884614595 -0.07220343284508507 0.04926666258174578 0.021892972037780036 0.035530954477929345 0.016409536844807757 0.03070064665395566 0.05064043195555984 -0.05940263124205245 0.026421942771657603 0.024913635169882587 0.03241835335576889 0.0735532494762331 0.02881794350558332 -0.013298334486165818 0.03681316727163725 0.09267323712005832 -0.07400507840374314
0 10 0.018162356795351352 -0.06498381072716396 0.07814991158888585 -0.03635197435233811 -0.06687878403752515 -0.024612329904721456 -0.045282376712281865 0.05715342312363161 0.0077600648511718575 -0.03596119243373137 0.03075012984689012 0.06250878313301116 -0.08397631649213722 0.09375277573219026 0.077508483417573 -0.04284910619011703 -0.07436983800022118 0.01573749484875713 -0.010816349401080822 -0.06386511851832662 0.06548203207382668 0.0935095125118746 0.09867174502090148 -0.08954601695962128 0.027820742198010586
0 11 0.023567135890164768 -0.012791637686303552 0.03724437349371054 -0.03130617728552773 0.03742629570944328 0.03198235283408762 0.05194966494556873 0.049629807855076334 0.06838813539581617 0.05894762139340409 0.08236310207509126 0.0714499466782913 0.08957517221779562 0.05355664889991738 0.06490811547258185 0.057463067285867066 0.0329262865175613 0.020922496016910236 -0.07346749173220694 0.05674266781903107 0.052067692679230004 0.031002716700913813 0.0724218037657236 -0.02316836369419179 0.02332515264411066
0 12 0.08793631206009833 -0.018476024433709607 -0.05333359838535911 0.08861899867202255 0.011962401602299324 -0.09279716520432074 0.0010136199032426748 -0.031575783841321835 0.04451882970582191 0.009143072785580564 0.010091191624027654 0.04391389438895811 0.03800087264164234 -0.03595097764938089 -0.04778017395501095 0.08301362460470439 -0.0456569369015617 -0.09076076998826078 0.013049590733347593 0.04354656603044805 0.08423669913429706 -0.01388733443086299 0.04134871563097046 -0.06614344884592707 0.0022521990867821013
0 13 0.004911165348180586 0.026043526121136355 0.08429921880995402 -0.05010049827140623 -0.010356038066923149 0.029414719691642218 -0.06705789462426284 -0.014778531030520353 -0.0838012939913207 -0.06166747222960751 0.049521923487166254 0.05160319495848699 7.290841247977876E-4 -0.06499350645657802 0.055735125511959784 -0.018020407476357587 0.09964566557066695 -0.05171515509572813 -0.009390472559731277 0.0905423161653199 0.03805965885652582 -0.01029715631561054 -0.09642322598819138 0.02481661501791171 -0.0976948746071173
0 14 0.011208319291819282 0.09077631284304052 -9.752964139327632E-4 -0.04640867271312817 0.015735714809135604 -0.07946837293016307 0.08164584353659222 0.06635285269297897 -0.015206867264784776 -0.02655542180247668 -0.09840615931305814 0.08740336991332169 0.005532535448212992 0.09675674752247464 -0.07398268124480067 -0.022935416992988008 -0.032464525268763686 -0.019045576186475184 -0.08204705328788559 0.09106645992012923 -0.026757633521733472 -0.008121793337024393 -0.04432796738662366 -0.018553816045103408 0.08517411957491583
0 15 0.07739377636771343 0.06555369735605156 -0.06691399455304972 0.04326380573080481 0.07090086741376486 0.01075367041902038 -0.09069317221660783 -0.02882775043477552 0.013664062816272292 -0.03663001111545198 0.03635803321863722 0.0812932476393207 -0.02997226145841809 -0.0988914596136276 -0.016949782972481474 -0.07142535492977192 0.007377587520713872 -0.07087421968498993 0.052417629803941976 -0.058316357299128554 0.09050976071644551 0.025252862178689283 -0.048462535941609444 -0.07613017195071742 -0.07328912047610212
0 16 0.05028140379332291 0.09775569070075808 -0.05177698996621235 0.020718145428337532 0.09475654412240814 0.026559282949891884 0.01650970804341252 0.09215591914355255 0.061776221514939014 0.07705782953421995 -0.08937535674106374 -0.05682379306680603 3.644729462097486E-4 -0.011123660265214518 -0.07851857294746917 0.08926574753803097 0.07617285400282002 -0.04476927681820585 0.06753164646411362 0.007583826766640235 0.03771227096732225 0.07420543828452726 -0.028353313779385863 0.07049171974625919 0.03295186060449475
0 17 0.03419503313338052 0.029672442450757855 -0.08057631431440813 0.07261944209865137 0.037399103641119646 0.09031352419224647 -0.05062263988848569 0.08123426053484906 0.07904237114414246 0.060960417960114005 -0.07754895294636752 0.024438579319913334 0.05639970446835894 -0.003891122150233668 0.0338340557484117 -0.0524048799873872 0.04327013518819731 0.08116833490569922 -0.03105844557803112 0.0529037078994716 -0.0816135610253524 0.05396615155638436 -0.030789159831371638 -0.06460454089792247 -3.8811581081847667E-4
0 18 -0.04226343065654155 0.07970710363944268 -0.0617832986179055 0.04765392589618579 -0.09369022775181023 -0.022571778920493894 -0.08473625123187617 0.028316583873993113 0.06231872377874443 0.004260543681783845 -0.05677952304315116 -0.07106677302596544 -0.00383436412397901 -0.005760261706726698 0.09821463442235542 0.010560481015537403 0.05264102827854614 -0.07179935976352293 -0.020853924437379785 0.05910359941948265 0.057707353021896064 0.07880465466194965 0.06175246282613949 0.0598089126749416 -0.019264042879687054
0 19 0.0602937643381041 -0.09476787481928117 -0.05850497210515664 0.08624502298708944 0.054120574205660604 0.03985046444346628 -0.005193125578671336 0.046052162112132755 -0.06084630777952176 0.07577838885205289 0.0975816774672402 -0.061830261443721446 -0.005955894328609248 -0.05018354548089789 0.008895248423052947 -0.09055844501835622 0.07978139943946717 0.07227078416095245 1.879348977594868E-4 0.045382191745777095 0.08860545537239703 0.06826453745886131 0.003337217713396276 0.04950211755933055 0.08795757920308923
0 20 -0.07736590902531032 -0.07509767599298836 0.06569924656318832 0.08484248731554613 -0.06689361222274655 -0.06487932128997982 0.07552147054814533 -0.08950491445571336 0.04928105349750642 -0.009287850879436232 0.02522206279565133 -0.06928521728106235 -0.09069933964165598 0.06506593955344789 0.05175018005916246 -0.007253634206528752 0.01139843641083767 0.018653095945700332 -0.05136307840889072 -0.09647281070170098 -0.09117026084992517 0.0654412904601867 0.05592993363028481 -0.007159478464233839 0.009878684042134468
0 21 0.03466022744612155 0.03753337605055084 0.048429916861275006 0.07260727762970752 0.046928409236087924 -0.07064730599854675 0.008948579536230442 -0.09178110113935849 -0.030483741330932384 -0.043019354819995255 -0.0014682481525618715 0.024358882153006325 0.08978383320007116 0.021358416327781984 -0.05524604288009457 0.09148031913495902 -0.015041726608373062 -0.045850138158246005 -0.09700124265312324 0.039680408768498036 0.04525066278009337 -0.04890163758328263 -0.03653808819038291 -0.03840886896990741 -0.0486734026011468
0 22 -0.06776688012404988 -0.026124782444904578 -0.04675247033040476 -0.06467946409527553 0.047989259690885064 0.09409309192489425 -0.023848490029486663 0.05860325387164208 -0.015484123412683494 0.0627745092532831 0.0020753507949613508 0.07742599451932115 0.02845438365763605 -0.04821965535974735 0.0898353126502292 0.058174167395128644 -0.007343986678368905 0.005127212492901619 -0.021754742580642906 -0.03335033612758058 0.08090664328797194 0.0240702060270905 -0.027897222979492008 0.09790197741848893 0.07953421036243814
0 23 -0.010139695378080736 -0.050996905069878334 0.050973910097535206 0.053258116287475316 -0.07230960838173683 6.764137263901815E-4 0.002225070219871328 -0.09095229142889913 0.030878466164998373 0.09727628873673404 -0.037342042119213215 0.06999326514252664 0.006847777783972275 0.024203977326551405 0.0702506188748287 0.0709410347530571 -0.0914847254625715 0.07747140768707735 -0.0705837385674031 -0.050651032185033674 0.006936752493930667 -0.07378401460027015 -0.04411865285207126 -0.07898557208497077 0.059488959788239155
0 24 0.054447459804822955 -0.06118586054343123 0.009244275512273562 -0.0559076734585727 0.0013521554734845977 0.07344792799705424 0.07050165190109933 -2.6885563443074565E-4 -0.06342584488684361 -0.0330029215005 -0.04122723684262085 0.013793010583131515 0.0772056428548158 0.029406855764327625 -0.08788779005146778 0.023405828292566676 0.0535469218969779 -0.09001175877779521 -0.029660648113734957 0.046108961924724357 0.09399982606554458 0.0469111726953788 -0.02096635394732766 -0.05571008601462466 -0.09501676921186736
0 25 -0.053980309248068105 0.025327418037039355 0.055509725499258505 -0.08996382189251063 0.09115128939312879 9.426272758632815E-4 -0.007928742892363524 -0.022620781781405405 -0.026324684535247396 -0.09574429893289939 0.09392774446634251 0.019093235699003057 -0.02283803713037209 -0.05463843494937594 -0.0659903391178887 0.04811435461850042 -0.026538780191132476 0.011595779215414409 -0.025170478356106855 -0.06817158324804509 0.09912553646151044 0.04763598945452321 -0.09341844358659131 0.07238856822789319 -0.03601680987028202
0 26 0.054859120870010575 0.04788785019615765 0.03163977833888432 0.03491037417709482 -0.001817178506799637 0.04190708697722384 0.09674641596317828 0.07937270231179804 0.08237615942394724 0.043495549895019255 -0.05698961017323141 0.05178830359630475 0.014093313170343826 0.04752204696998103 0.08094570134285128 0.037059089370372174 0.09173961719541071 0.07047166183875975 0.01575820252419125 -0.022015931609671496 0.07821757961592582 0.045134891264249806 0.09207072734594214 -0.06513447353570685 0.05882631107708633
0 27 -0.08170101868546711 -0.005941079413329636 -0.009610362970069846 -0.056663712274951525 0.01754947653918338 0.08881201541335743 -0.0867478267006485 -0.034344546193672734 -0.009388258592864325 -0.018145081389609158 0.06452467147943476 0.0877956776608227 -0.03084317237946019 0.06592523612882702 0.03223023817487251 0.07160065827931268 0.026215949748472127 0.030013135232823535 -0.0762285679389647 -0.08215406608432474 -0.03684111183343778 -0.04420074354247615 -0.0941963174789261 -0.06484355177096449 -0.060322827780274424
0 28 -0.01682226108385518 0.015578628319519545 -0.0045399980872138585 -0.0249100263791722 0.004912955026519755 0.04456184573363372 0.004865000431336215 -0.06135793945726419 0.09114476513979597 0.01849049779588543 -0.061035115900684465 -0.03284669080623775 -0.09415858682693955 0.0794953275330521 -0.08348400293729566 0.039886340370204575 -0.009443512115638217 -0.08992836102178006 -0.03510219583704812 0.05160490309484415 -0.04744967159831848 0.08333076744630791 0.003540677445267991 -0.027396550374901164 0.008526398352850012
0 29 -0.031735741758305014 0.041904344985875294 0.08366330934505428 0.009978717850006888 0.027440421878468957 0.07607128393194452 -0.029195426005105943 -0.059722572506793734 -0.022797553225416975 -0.09497569684090021 -0.039759982187662066 -0.05294303686508866 0.0450714167210392 -0.011288406663762613 -0.06745259426017061 -0.0536721962560847 -0.0050949744085762305 0.004411047888805188 -0.08378720500795518 0.011279252658854653 -0.048242001157465415 0.034976160201685 0.03661123219003693 0.05364876373390249 0.05413036039917107
0 30 0.050677763501633374 0.060596039279188024 0.09326634276878207 0.07756165292649565 0.0870208032946414 -0.018540566027594508 0.08026194207483128 -0.03722574722160049 0.003217054936339088 -0.06649622189925501 -0.037330992301444814 0.0011635004879873678 -0.08362716629404414 -0.029569530265112755 -0.015459543079539001 -0.08826251935510356 -0.077965812444162 0.047183498401605815 0.01646910111497362 -0.003626762364495301 0.04992381417061342 0.09675740193197721 -0.03873048211889565 -0.05235250897459728 -0.05294917382791499
0 31 0.03289652536787674 -0.015679676841284206 0.030993346600576937 -0.0545679093504165 -0.08561984841064268 -0.0333597414979806 0.07892467428718525 -0.08605355882895098 0.045543688179156286 0.03277791863039578 0.08284055501667023 0.0029994424747359655 0.02660353515180508 0.02565520128633933 0.06679387693407224 -0.004179499433515684 -0.03757945754992804 0.07801136841447764 -0.06745581648469402 -0.07098887818586526 -0.012552266851436027 -0.04503848462597163 0.08969620752540448 -0.057844626586323014 -0.04738808250611059
0 32 0.07283845874559153 0.06111588848354791 0.08511111963063575 0.06444618827374181 0.01787513869615143 0.05581235003900825 0.06043431031298348 -0.08094348841321161 -0.07329082420442327 0.037487900909472856 0.08178958264419187 -0.08768364617755584 0.032926804357571234 0.07981290223778584 0.05619373879959798 0.054504479513282106 0.0682575740188296 -0.058177445708448745 -0.0015595606380449537 -0.06613397520510234 -0.04138519805572174 0.0708944844259669 -0.08617756002683201 -0.05813763920697792 0.028157615868868995
0 33 -0.04041634605014086 -1.6008547646290951E-4 0.06628908031838561 -0.07924054861469004 -0.06537980559580336 0.04617364904390992 -0.02477854131008788 0.004349782030042288 -0.0429355935441232 -0.0831600696955906 0.04872401257814557 -0.025029175244929258 0.05737706436912327 -0.055877293919980454 0.01466972832314017 -0.004618584995256174 0.03601782258638363 -0.09566968379706778 -0.009161907246827021 -0.03075720456651862 -0.005969996148776761 -0.08335486065299466 -0.04986433895781073 0.09524356470825755 -0.04674512821554703
0 34 -0.023858211534339143 0.09639035101249865 0.08890062120597256 -0.022529392821399017 0.09400654267571439 0.05863133413438702 0.004948759806882232 0.0954770458712361 -0.08987624285130481 0.07932373349225709 0.02340603893164173 -0.06660903112414386 -0.01810815665228179 0.014476526356651793 -0.031152481538125387 -0.06455255829978365 -0.046829601432087184 -0.06043793037527725 -0.017552885916124094 -0.003958385901482547 0.056127786146945705 -0.07957150200375183 -0.0739180256991582 0.06523737643885882 -0.005454199798079984
0 35 -0.057865824123278 0.016589800344657794 -0.005164025157720588 -0.0659432752414032 -0.0867676502349668 0.0480034304018652 -0.09393233773063543 -0.04914696645046068 0.0035427597847851448 0.06795676529806906 -0.0885619116275635 -9.62440389897252E-4 0.024353944587701234 -0.048243029830251735 -0.09374478095130694 0.018825964240736206 -0.028980544923944845 0.08723000553007763 0.035351429508081345 -0.09370580862298254 0.09380695945792601 -0.06901420785073557 0.06190909581655373 0.0748030332921412 -0.03773017666228778
0 36 -0.0959144967698355 -0.01629194189146127 -0.05893422298968539 0.04054368196023528 0.05687387970270837 0.008865280529523786 0.054298043938876106 0.028111411808708416 0.08001024215248845 -0.04454188480443474 0.050627804966477306 0.07793492794310794 0.07257062858270233 0.03244640399961264 0.05562477921166523 -0.017927934412486538 0.03420067563425453 -0.08260834894474847 0.05623655379328716 0.08378477806713272 0.0020228458579785134 0.005216463792105953 0.050183112433426706 0.005082442114337153 0.03137429283744102 -0.04753386626560015 -0.044250161282655874 0.023979324224534464 -0.04670713029151441 0.01130043016097342 -0.04881798331709633 -0.08625986061362846 -0.09412304497392289 0.025574524718420845 0.021635839432178255 -0.06566536972732666 -0.002111836664733981 0.08522461764737368 -0.06550337899854383 -0.05676845898582842 0.01028895143520572 0.003656054944316852 -0.06431518744305575 0.09908881587183198 0.05727063700283204 -0.06986462525034474 0.04982495552333323 0.07571603051486335 -0.0283016694025307 -0.04453711465001757 -0.027530550583869995 -0.06339432243437508 -0.05084600098608854 0.07767150222666548 0.05423328981196994 0.09784315606619667 -0.09207358973953889 0.08107080596598616 0.0521154697502914 0.058026746680455196 0.05602663763249816 -0.04306584169679683 -0.06458607803857289 0.0661532318715105 -2.1646876419359102E-4 -0.02995386503627054 -0.007685791961004975 0.046375254204355225 -0.09150560096759514 -0.07889093800514087 -0.04749209035240659 0.0844801767504829 -0.09934697417617282 0.05035669529383789 -0.03876589237340236 -0.08329950678959858
1 0 0.06224369257688522 -0.031187718734145164 0.003451430704444647 0.07762981951236725 -0.003340464783832431 -0.07099360972642899 -0.06633809953927994 0.0840020552277565 0.033743053674697876 -0.01371830701828003 0.07225455343723297 0.02001248672604561 -0.06979678571224213 0.09047345072031021 0.06660326570272446 0.007466715760529041 -0.015166479162871838 -0.025345981121063232 0.058919887989759445 0.003997504711151123 -0.04728188365697861 -0.0312188807874918 0.053894978016614914 -0.0947546511888504 -0.039542924612760544
1 1 -0.005540715129373277 -0.04438912298438235 -0.09881486529673568 -0.012989632140626059 -0.04779548893405296 -0.04613813551023628 -0.06563425422360569 0.04639096077167515 0.0721031805964719 0.028138056128767325 -0.09007745553266656 -0.01209924751812483 -0.06812866622321569 0.020183016600150414 0.005936038575401986 -0.0465015213034827 0.07142908142098509 0.059552078683399214 -0.027265960114141397 -0.00853366145787106 0.04038900598710435 0.07255917683868025 0.09453987041031728 0.027501527104941994 0.001024534492130665
1 2 -0.0734840242691653 -0.04827290937993072 -0.09229445631888998 -0.013289536767510874 0.003350273977477222 0.09666598779006769 -0.08808763146694269 -0.03283312254283147 -0.024087191475925918 -0.06576734263035404 0.04380718131209028 -0.09080203996536404 -0.02978582731667685 -0.020752691680774652 -0.013803963234707515 0.09084206826003742 0.036095344864033846 0.025150032877069226 -0.08063194289909598 0.02730197643367997 -0.061236847325832414 0.061180365724620926 -0.03229249249236579 -0.06152752431379914 -0.017680760106320487
1 3 -0.06885962188243866 0.03694910556077957 0.05417344719171524 -0.09222526848316193 -0.07410352677106857 -0.010865772143006325 -0.04062119126319885 -0.004029983188956976 -0.06680011004209518 -0.051204223185777664 -0.0538768395781517 0.09509962797164917 -0.058663368225097656 -0.08431710302829742 0.04473100230097771 -0.025779569521546364 0.09765265882015228 -0.0623040497303009 -0.02250012755393982 0.019016284495592117 -0.04084104299545288 -0.0258512981235981 -0.0413275882601738 0.02145218290388584 -0.09083807468414307
1 4 -0.03975973441008624 0.08681674337119438 0.02686775997880296 0.08221447767937921 0.09902998144281128 -0.07560960245270582 0.03802796070746886 -0.06389260458294198 -0.09813461376188691 -0.06680177353940235 -0.026782818536367305 -0.06091919675386257 -0.05360505493706743 -0.09776729184940282 0.0888302759135689 -0.015044842748347432 0.071266851254474 -0.09983246741983552 -0.07989428990980559 0.09699029417128967 -0.0531670667785014 0.01917770315050907 0.06274983361246005 0.05567713485877641 0.04656374325749082
1 5 -0.06720212353157215 0.0909151311109479 0.019455766824497674 0.04749295628411148 -0.050965970587802736 0.004150151405091056 0.09264348092213759 0.08482652474365719 -0.08939068338102635 0.013266507591803195 0.0974035391397697 0.02737302647713327 0.00358666330326503 0.007372212585470222 -0.09483174528143218 0.0759008566226189 0.0808270993609798 0.025343414074116968 0.08225711453889362 -0.02504437440090209 -0.05082836415455552 -0.09514588038271903 0.004230409295571828 0.0057377378033267356 -0.08025012053689823
1 6 0.059564376297712544 -0.03356985693072886 -0.04787035563968875 0.08678513023681694 0.07495568923516037 -0.0758226947352142 -0.035020063046288415 -0.0976901236565467 0.09085382498739177 0.025582373201857123 0.05831479637947552 -0.029334226587570872 -0.09254451105471248 0.05633022871384158 0.01491083264688138 0.04405996067441976 0.016196907498553598 -0.05681895088019618 -0.03804191304786277 0.0486123146727498 -0.026680002523640306 -0.036484229861139805 -0.09023496726600827 0.0343991919299538 0.08190341817995855
1 7 0.009974851900588982 0.09904341728774609 -0.024016867887222442 -0.09432594506061664 -0.03660246260778213 -0.06552343771199397 -0.08076114424682183 0.040222878839664404 0.03437561287300311 -0.029686584692644038 -0.058242855081025675 0.06036425840068754 0.010241079964286604 -0.034288592899308315 0.015778410742190222 0.04195569281805354 0.048262367596507136 0.08856828791931114 -0.001873466712852267 -0.07100088538166487 -0.07568342820506113 0.09693078007387597 -0.012907664693945943 -0.09669264740921074 0.08317484217443676
1 8 -0.08407021653247437 -0.06704012371855494 0.05500238413516838 -0.010031667396770694 -0.01766484127465586 -0.09438059048249532 0.05733253823395942 0.017694791834305463 -0.0025058895460326226 0.03365985852624459 -0.061902442909672235 0.06567207166330237 -0.09585435261861032 0.04286792712122567 0.010507696876230488 -0.07281949767936723 0.07274294437576645 0.07679160623981296 -0.0313130331987921 -0.09386758694941685 0.05215352839144366 0.057884864630478414 0.07957622679371965 -0.06622121738387773 0.08020152079444087
1 9 0.06858427026595323 -0.012500335545595409 -0.08525912208786365 -0.05482791126163795 0.02292333725571728 0.0717931555099387 -0.0476741972787129 0.06810884377222347 0.03335562910629654 -0.07830685513525418 0.062020123203110816 -0.03669426940713937 0.07439121706417927 0.026331762157570587 0.06291127288134635 -0.0889297275167848 -0.05935336462889925 0.0026873792569253345 -0.08147890615511756 0.077936623540197 0.08825360167907567 -0.04479113621610187 -0.01812474331272066 0.09380076929981956 -0.09564235510908875
1 10 0.09584519738653734 0.03587797070661913 -0.055441532155426465 -0.025598039271120594 0.01077317981848463 -0.0425032161098996 0.07288732135803981 0.08769712112756962 -0.01620464905848094 -0.058128248408479716 -0.08374543146207399 0.0028260267961060224 0.03026538132659182 0.07092338262213223 0.08471277082402334 0.030108583051247265 -0.0033024912405682223 0.06837023730491731 0.09819238783317799 -0.07786839130837155 0.04944789006986472 0.09411753717628446 0.03693772819739681 -0.04016846096273172 -8.887979920217733E-4
1 11 0.020830457782572916 0.05561046592150623 0.06811336179369629 0.031418760052879184 0.04871093807092073 -0.006998877460979058 -0.0804530867126312 -0.06408500856788893 -0.03616454375991543 -0.05294168396325047 -0.04122171724648917 0.09876921227910442 -0.04409278146699311 -0.015091981407325874 0.08439752022073096 -0.07010631218451183 0.028670932729314737 0.08914451796932726 -0.04483366581404891 -0.07332734182750346 -0.04873054674770087 0.08760672307047117 -0.06288998135265714 0.07633370894333599 0.06336249902845359
1 12 0.02084028729621575 0.06614515555146483 -0.0699550383673035 -0.08294672226654845 -0.07381702702471174 0.09579399486613113 0.0951550710968505 -0.002580244493057076 -0.08701521808810941 -0.037436597044226916 0.02590297696021378 0.09055805617295301 -0.003732055543309855 0.03669810470500229 -0.07953477188997654 -0.026915903228968547 0.003303837690016588 -0.028392357668015615 -0.07244996131446116 -0.08654360578239971 4.7382223021282304E-5 -0.08449498061801375 0.03859614139486083 -0.04025649581825452 0.05100716137424575
1 13 -0.0915495231747624 -0.08035872131586128 0.003097951412200803 -0.08199390769004786 -2.2761822037881146E-4 -0.027186041697859847 -0.09367351233959163 0.01149284280836564 -0.05153642222285242 0.035933684557676024 0.081296607851982 0.02403702214360208 -0.07283330708742125 -0.07874231785535858 -0.08785042166709901 0.02126086875796325 0.054345346987247495 0.029180657118558734 -0.08061753958463679 0.0573511049151421 0.06220662593841522 0.07547173649072667 0.03904928639531144 0.047962468117476176 -0.017584538087248348
1 14 0.060804396867755954 -0.0036166845820904446 0.026862252503631955 -0.07312365621327928 0.0750494450330714 -0.018098752945662558 0.012953197583560122 0.04772104695439118 -0.09964130818843503 -0.058011315763000386 0.04182821512222163 -0.03855687379837397 0.037952531129123654 -0.09735228121281199 -0.010639190673828187 -0.015339488163589623 0.047179747372866024 0.003436887171117767 0.08281631022691595 0.01588421501219324 0.02457618154584963 -0.06531917303800362 5.2839517594378456E-5 0.004430281929679735 -0.09080724418162733
1 15 -0.05514370203194757 -0.05297439322503173 0.02451051924557574 -0.05627215174207039 -0.09374292401374233 -0.06904199167385648 0.07672300688066386 -0.05242499818777833 -0.04189819162439779 -0.08648667617725422 -0.07841660661690468 -0.059449000403685684 -0.06689342690846496 0.0964639810045075 0.01708125895315875 0.06407093696012126 0.04035644464017167 0.052102118561686624 0.09215316100765533 -0.03687856765474107 -0.007835816653347065 -0.06277172250556749 -0.050971984103350125 -0.02719053199800649 0.03317344795736207
1 16 -0.014628851916056076 -0.06379149088810242 -0.03534144157970611 0.06144801512939162 -0.08439053588183501 0.050029397044744024 0.03719679625522363 -0.06311486654030522 -0.04228588950068321 -0.06335198866763664 0.00376244778375601 -0.01894221815218067 0.07226513319858363 -0.06672491860618587 -0.07996332645201548 -0.08043498548587666 -0.0727983862276522 -0.0802208780679086 0.060967754616195524 -0.09366779031110055 -0.03997677551217387 0.06416068963711 -0.0318826847113466 0.005791508790152577 -0.07613165695573834
1 17 -0.008074094372073277 0.017209216506005327 -0.08295191271193655 -0.011816708557550765 -0.03200224642743936 -0.020140084730974558 -0.0559564024899472 0.0767522860690606 -0.07082275604102596 0.01859538458187359 0.07574825358938264 0.0062079300868764795 0.004565597062113254 0.024837403009522113 0.004592896920648208 -0.023307464742393376 0.01809563414294389 0.008568418701865161 0.0908581091915403 0.09486436907573598 -0.022074580758285525 -0.029609202206865717 0.07536202791963599 0.018613346610093107 0.04377513755022648
1 18 0.02557455911688695 -0.05549604070201225 0.06307911056455769 0.0011081528738154794 0.05237115618744894 0.08962487576660791 -0.047838041042381034 -0.00610358668931082 -0.08103390759129986 0.05891734548649379 0.021539677695330436 -0.005226691738840379 0.012854799490763631 0.016006658874852895 0.06780061637358283 0.05286182886886657 0.08686116943881507 -0.04103397668648865 -0.045039003559764694 -0.03185844496609386 -0.018519149270602234 0.09410706713470797 -0.045187352912753526 -0.08016718887264397 -0.02645585172522867
1 19 -4.728376807179302E-4 -0.038492392748594284 -0.056389354169368744 -0.07556303590536118 -0.029530322179198265 0.056726980954408646 0.07840429246425629 -0.08861241489648819 0.03223000094294548 -0.05566752701997757 0.09948523342609406 0.056623946875333786 -0.08269912004470825 0.08905255794525146 0.043681539595127106 -0.00815054215490818 -0.02936265431344509 0.020960545167326927 0.008717561140656471 0.08177352696657181 0.09847305715084076 0.0012597143650054932 -0.05859594792127609 0.08272392302751541 -0.008667600341141224
1 20 -0.02967114585060361 0.0704430072680734 -0.09453701476460329 0.04902224682921885 0.03798918006292354 -0.07053579990835963 -0.05970784283546941 -0.04504321700961684 0.027131915855305534 0.09298530565172307 0.03950759222297597 0.08713670274952397 -0.005949218848355043 0.02121095951268425 -0.01243513701214801 -0.024316230340781616 0.092093096677728 -0.027126584831635006 -0.07322304147088805 0.0322598798545662 -0.051761390780454074 0.00586794281782876 -0.04987920009431592 0.049297332645842816 0.07475216433405177
1 21 0.014919485560815307 -0.06493028996981245 0.03651042091209869 -0.004029263646355687 -0.06571195337386503 0.02893346811013235 -0.05883767554467328 0.06482263046642221 -0.0828872945582756 -0.06894685990927422 -0.0029382180291992947 0.06747371405144167 -0.04207760475196221 -0.06340491847271426 -0.044604775543354964 0.09000450751024427 0.020443089999125936 0.0750839695239599 -0.05335014837166205 -0.08213979707029999 0.04577321683933618 0.048961368556272526 0.07548545493251618 0.07032343068655773 -0.009922410829524548
1 22 -0.06898387314633843 -0.06785216598165204 -0.08543330951973092 -0.020256554906231215 0.047941743922403995 0.06415020007454958 -0.0786578978323246 0.09871053769189615 -0.058956730571653 -0.04345217118648718 0.03991979355333502 0.0020930520045017043 -0.003487432311178852 -0.03576735295130476 -0.08277016064930247 -0.030082564168194974 0.050781095733949164 0.04405521318583928 0.01486058547940856 -0.007080808769456889 0.07687211431051147 0.08347873592603412 0.06948897067216517 0.07318721408338348 0.07735648648146895
1 23 -0.038952179500644626 -0.03423957981908051 -0.09580186257964006 0.027312000027842117 -0.020546354825581845 0.07616447056559743 -0.018606737324280663 0.014691102327095881 -0.05215732304464114 0.029274873152075526 -0.09695362845869186 -0.078304504838195 0.06376093290969134 0.07991955648729601 -0.030431852393889156 0.040978078247126896 0.06991791129536182 -0.058269588906328655 0.09199998331463059 -0.039759726974123374 0.008014784055406456 0.020053836167178204 -0.07062232800659814 0.02022417064149091 -0.07855160042644248
1 24 -0.08168019354343414 0.0896831601858139 -0.07992946356534958 0.07676132023334503 0.054011404514312744 0.03699816018342972 -0.017280112951993942 0.02994302473962307 -0.005314248614013195 -0.04390110448002815 -0.06636403501033783 -0.05811601132154465 0.07228279858827591 0.08066980540752411 0.0757761150598526 0.056946784257888794 -0.029538637027144432 0.09346514195203781 0.020004648715257645 0.06137542054057121 -0.022640621289610863 -0.09399242699146271 0.015649551525712013 -0.08596475422382355 0.06739027798175812
2 0 0.027253700890472778 0.05155657972154016 -0.05371906358369455 -0.019098105141324283 0.08504881498537326 0.031900185946473585 0.01896164226263589 0.01947963119487364 0.0032831404707049693 -0.07428956434794047 -0.06185602926445172 0.03598159161639954 0.07967977778602482 0.0012138596496909057 0.08219285000760217 0.018581686763546688 0.07519169240255731 0.012389581798113619 -0.04839123116929133 -0.012505564744659968 -0.01707437540788024 0.028086097289496244 -0.0638859775838532 -0.08178909983133269 -0.004688835478215181
2 1 -0.049023820012470354 -0.09766351938706631 -0.018245897729857026 -0.029927477528630994 0.0871156758762563 0.08818530538941131 -0.03315705327110533 0.06345379305046268 0.08325290452370948 -0.0708238498987414 -0.05489117097470884 -0.025211540931402505 0.043057161400432545 -0.09756690613734922 0.08465746703177635 0.052999367685179787 0.08991038548453799 0.014952103960533229 0.09468311755590693 0.006532066636865497 -0.05533463547204567 -0.04106270082015473 0.08845014781969307 0.09603183985271331 -0.0016246992180522456
2 2 0.03589081964782875 -0.08091351270889131 -0.004122047776735994 0.0985873596075286 -0.09045824382095675 -0.09819980091298794 -0.07783985178835992 0.05711530440423227 0.06971256459033787 0.04086248810001127 -0.0034596651897872413 -0.055978297636204134 0.031852110855601815 0.0025198896443436817 -0.041153209612870535 -0.0848511873117964 -0.012355861338644981 0.08664475522648409 -0.08856960993716456 0.06680919907637758 0.004765744481082497 0.018229734782214128 -0.06310586039827534 -0.016310816090661318 -0.0925252761478642
2 3 0.004191583212449649 0.04095234775004622 0.03514535398471478 -0.08602346355155731 -0.0565493480707468 0.0677085200848907 -0.04790024063453685 0.09722133655695311 -0.055993204695502015 -0.06025461683361637 0.031082957751095704 0.04081425332571472 0.09982523262889427 0.05236795940092496 -0.09567806314509912 -0.08502331941228058 0.04774900894189188 -0.09755919899676467 -0.04126495290787915 -0.0880644871537626 0.05204265802518217 -0.032045586841188974 -0.012127100691516865 0.046694513294010254 -0.03442751937143594
2 4 0.017508460900871742 -0.05033674804482409 0.05245130278175207 -0.050631012043362095 -0.029500344019517056 0.05896322913697954 -0.09788480767725563 0.06629109909354139 -0.03002085082239413 -0.059950212145881206 3.070446035058439E-4 -0.05277253077600646 -0.06512830304726999 0.05517737416693543 0.013819622536231615 -0.09985993679305413 -0.0578870039712282 0.07694752917595865 0.08168146490565421 0.03391953897057992 -0.024932265722752308 0.04456480021763184 0.04056044791994174 0.02466974353220439 -0.03104388492267829
2 5 0.0274088715879668 -0.02582216161692449 0.061470079602850634 0.010158960467014535 0.05169749604977088 0.04276631604768704 -0.08088488638442463 -0.023657602259417012 0.07812011547342898 -0.0623899912304359 -0.031470893295253974 -0.09709129024839344 -0.020581197046864338 -0.072622865976883 -0.06836039773634968 -0.0750277909043334 -0.07231300180529332 0.06550243256353969 -0.08131138266818816 0.06050496345476133 -0.05522625773924956 0.06971159067965506 0.07231503472348952 -0.060204276934148426 -0.010850030916349195
2 6 0.04322007109538153 0.016162732183819528 0.03933913126764612 0.005968821176224545 -0.026687169130080617 0.056366322852734026 -0.001585083927875539 0.03620512810899619 0.01924503011618821 0.012192350952601577 -0.04806888982285075 -0.07108555351283852 0.08036886333759226 -0.09785461956201269 -0.037224423897317865 -2.0200696959702E-4 -0.07960336444212925 0.08435461270385887 0.062285179153428676 -0.007551754223798385 0.013119175114106606 -0.06632261077511149 -0.08705315045771293 -0.022497867648476652 0.08125097485525416
2 7 -0.03168659883538118 0.032047659613219655 0.0701721970824686 0.07424661909317616 0.0701327816644869 0.08297594504445598 -0.07143529360487506 -0.04491330213716177 0.09800725444387436 -0.0014614808671337195 -0.023248970417286914 -0.05621457776576782 -0.02190622857284019 -0.053826348827785093 -0.02382346793911682 -0.07958804002380894 0.010856083107439496 -0.03805572958485342 0.09390048788936925 -0.08539069274922238 -0.09800454798750137 -0.08126381922003238 -0.08531753445546932 0.01075835204277352 0.08663236562724344
2 8 4.1801826724846016E-4 0.06117180040124381 0.012124676576778497 -0.09250747476304819 0.06757840918697387 -0.07804699791653133 -0.009756935912070596 -0.014779885095347922 -0.09766364515277672 -8.641345491450696E-5 -0.009907594318975954 -0.09108536219790524 0.08140689450856546 -0.027138974329523075 0.04643941263357453 0.058925231263482196 -0.01919476800324104 0.024782952847075764 0.018399073602562217 -0.015130011590577048 -0.07243340075307826 -0.002731679511351872 0.012470405858640116 0.03785550432988881 0.0383124837979288
2 9 0.09986528674502908 -0.09005375798709898 -0.0115473104470538 0.07104943904572861 -0.09919846948277712 -0.08751867972992576 -0.07422050062903064 -0.018181515075696666 -0.014096127751115295 0.025162994458125795 0.08860618078092734 0.013975005592530083 0.05813758231317495 -0.04555034710343071 -0.023878038164753406 0.07363547586487776 0.03561489716611658 -0.005004350953990275 -0.023212155946657743 -0.06190617431949482 0.06680780703202459 0.023555002335749718 -0.023710416145574682 0.06739189627065943 0.0928180894268998
2 10 -0.057933972228394186 0.09004852222249403 -1.5750040215606754E-4 -0.08870154274176273 -0.09995433001997822 -0.020874556624980896 0.04415481444064555 -0.04993511650314461 0.018192920941449156 -0.08787737239555676 0.03835467179759155 -0.007778674187438805 0.05495454911034272 0.07135999866969694 -0.031085843611939733 0.07162238354567024 -0.06210494994283293 0.06354515092152709 -0.050129478867114524 -0.0931014265530729 0.010016495583863165 -0.020699340846711677 0.05832770485513722 -0.09557664346803461 -0.031448409755796075
2 11 -0.058928923454981 0.018941823173992428 -0.015483563323037063 -0.06896708524910057 0.004742813663912915 0.07782464041795162 -0.05731796963034524 -0.07897556928620102 0.031236442790482048 -0.08090903074571833 0.07276336707275347 -0.007687688230778386 -0.03342864936931622 0.08415062781956191 -0.036419044162415086 0.09551188966778064 -0.02222044209826158 -0.08078121344773294 -0.005388394225865407 -0.08487681693451002 0.04542267205365674 0.06588604538092085 -0.018097078967775387 -0.0036095412961378304 0.07644533046636215
2 12 0.08198932924957394 -0.008917726426066456 0.07107971324454943 0.046449300254810956 -0.040879842137735184 0.08951070884801515 0.02751186180746184 0.034197513173316714 -0.09683563487479656 -0.07511248506141105 0.018229548089615875 -0.06931031333259369 -0.05408906351663061 -0.014804888703666941 0.07411511852175004 -0.049297965360379926 0.027800480890488245 -0.018196504437373404 0.017016625895540795 -0.01839878167242677 -0.04140619645753426 -0.05802901177415662 0.0847861500188949 -0.007309845613388962 -0.03607737996793589
2 13 0.0680104803327952 -0.014285604655810807 -0.08665436603920618 -0.08802141551385674 0.04818784611375546 0.04271497733243072 -0.04445146872533727 0.07812100811376146 0.03665466552869296 0.08781029898862881 0.05781476799077465 -0.03486352385175781 0.005349317362911099 -0.04558607557262637 -0.09267711423939837 0.07657195770960232 0.09025271669691458 5.954063040043661E-4 -0.031857303488037246 0.011593068151579197 0.07220181678491693 -0.07840373866462892 0.0011988969606331963 0.016259466327271096 0.0824677422748292
2 14 -0.08213859030217234 0.03655944570512448 0.09967541784334448 -0.02002958605883005 -0.04619880829487324 -0.010034579172393443 0.08143522498366312 -0.031476951234221576 -0.00868850161248773 0.01302205631577472 0.05407110464073052 0.023288764972293256 -0.051265296905579426 -0.0757317605638892 0.07529191571445841 -0.04695675884128748 0.0800657965260865 -0.08803531600401122 -0.037012724013483336 -0.02194395178163356 -0.02491949129140629 -0.07491319008925285 0.08766676299071638 0.038836267352100134 -0.014929328157100689
2 15 -0.07129494745828129 -0.04244787642439052 0.015704077704673133 0.0483703009838917 -0.03576127148602278 -0.002042836618002699 0.06426267511785405 0.012208967187945317 -0.04012559069674035 -0.014588012635346379 0.05929198263945663 0.02251241130437861 0.07310619889713116 -0.057852972494968465 0.09470697283101005 -0.05050288614354287 0.0999542571981821 0.08919304803665128 0.05285218272868163 0.07143221408137143 -0.027333253310942444 -0.009043015524086363 0.009514336911025137 -0.023083677239834045 -0.03293855546370485
2 16 0.010901939912419783 -0.0467230077704826 0.0893859336008727 0.03245075848598646 0.04489457216780425 -0.047824936960441156 -0.030553810250971116 -0.0732596645878358 -0.005434150652171446 0.004615767112469092 0.06598347497773153 -0.06398157657582522 0.06433259387228019 -0.07540872450817378 -0.07850159981021965 0.07129016859781093 0.009833132310477735 -0.09442154131607483 0.04938623262840726 -0.04173683049263832 -0.01940504192501927 0.0479350319388914 0.052433043105842105 0.03512057709241908 0.08953181147162231
2 17 -7.346545744296257E-4 -0.032257988083732925 0.08808837363436794 -0.06921307176279015 -0.07751119487563202 -0.06718185292139671 -0.06195743214055261 0.09563760104905654 0.07824749914900012 -0.0702320264916671 -0.06704563589740446 0.010198248952845696 0.0340028612854864 0.013137653727708629 0.09743314706140797 -0.04096719408964692 0.09017835486697903 0.06769783937095457 -0.054526529139008365 0.07380440134456022 -0.03784694569762223 0.046490669571345275 -0.08571899007946612 -0.09834977991521743 8.452458208193073E-4
2 18 0.09059614144856405 0.015242326571989193 0.007558770355603429 0.025911076508570243 0.09583654499698488 0.09827219552451423 -0.04972926079470229 0.016534319195351532 -0.0910999690838074 -0.08657180021506115 0.08056719202104307 -0.09716102574346039 -0.08230996566927469 -0.054148935923945964 -0.03954877155017224 -0.09381902805377779 0.05383069402242484 0.09478991001699795 -0.07943993452466995 -0.06966459928398315 -0.07558719986244504 0.0697991701340608 -0.010992853331424413 0.05943802297378188 0.09842882795886476
2 19 -0.05408817140237539 -0.08567883822057808 0.0056347762033844345 -0.033025455707716395 -0.0011516581670918044 -0.028529246575362772 -0.010897326131651633 0.0983013507515588 -0.02377450123088823 0.050531509026586555 0.08614092963038741 -0.09413511361140978 -0.06596393037559128 -0.015292339810741911 -0.0919627509671514 1.9169573475903028E-4 -0.023964772167410657 -0.008314168518107134 0.042119816724963156 0.02771872078684776 0.0592909223742671 0.05887360042791306 -0.06210034475519206 0.05442580138999848 0.03527398992064271
2 20 0.09424686366425553 0.07333292175280855 0.05391820476156689 -0.09994457998973054 -0.06396093625852768 -0.0040948414994757204 -0.0905700221436085 -0.032817180095756 0.057797695876017276 0.011903844751102895 -0.0884273742967065 0.07088304203078769 -0.055386572727207706 -0.038947857699047614 0.09828662915279027 0.029923162206949988 -0.08757193268517734 0.01210307666739671 0.08115870735214382 -0.04137402912361928 0.060084353988224856 -0.042166420262195164 0.0980955395128996 0.031980182088759565 0.08868731075428975
2 21 -0.07298151784518095 0.046591422827095656 -0.08385024106074625 -0.021460096531782928 -0.08067455539335734 0.01191604943270533 0.025770858367590126 0.07881626685308284 -0.025489227179026384 0.00813008769295321 0.023329231696644345 0.02474831966872848 0.01433959939054212 -0.0680053540829222 -0.054729027092822576 -0.0936908696364553 -0.04082751170307222 0.0036420210615584676 0.08232434778924128 0.0367758364142299 0.03145695749340902 2.2634944375523323E-4 0.05542387764781191 0.018281912183080333 0.04148480543003639
2 22 -0.024546007071835855 -0.009079727613535211 -0.08874245138849393 -0.012096473695567147 -0.026251390760601213 0.05578548481797907 -0.08453211198198929 0.021742062473113274 -0.08566189896671027 -0.002053885658763814 -0.055455037273636494 -0.038669189795426606 -0.014579591451120092 0.06038533753035501 0.0017474648797843819 0.009324991558456102 -0.04808500630726786 -0.06858455865126813 0.009609022566814167 -0.09771971433800383 -0.07509839813307657 0.07310109443874561 -0.010633567328106544 0.024617034861282833 -0.04233352515869749
2 23 -0.08053322674654959 0.054554823007388877 0.04212070543906727 0.03294757055477107 0.032763162948912454 0.07694569176760231 -0.019366491358643444 0.0641076475071276 0.014834595616005038 0.06412341414646557 0.0078378446362932 -0.0704375523266617 0.06188951736335394 -0.0658186116000672 -0.0012971094377380184 -0.03984706609360986 -0.09192126577804174 -0.08298678833242838 0.00435454722663799 0.046823698459981994 -0.054175074611466714 0.06283628577947314 0.07639587143784679 -0.08440849383304787 -0.04980753171701221
2 24 -0.06612143635157962 -0.02295014151274032 -0.030682680953766913 -0.0509163918805994 -0.0327311073718623 -0.06544245072405674 0.09807768572869698 -0.0167412699401918 -0.06080185906403619 0.03192837340871277 -0.0046533315529956095 0.081904339640669 -0.03183939521864582 -0.07649198644433769 0.07522781368916549 -0.07037353832330057 -0.05975348576084838 -0.05296979806127516 0.027318092563206338 0.07107609462522645 -0.01528592532766625 0.03987475416600428 0.02186360088030286 -0.09629453842516661 0.07887586588431635
3 0 0.0377501087912508
3 1 0.0619851553172615
3 2 0.032388541419939895
3 3 -0.004919847275120143
3 4 0.03742160111226514
3 5 0.004321835260773551
3 6 0.08380332201678836
3 7 0.03809096180231884
3 8 -0.088785156973431
3 9 -0.0071118103555716985
3 10 0.006229752485620958
3 11 -0.008967159372958448
3 12 0.08245232779916643
3 13 -0.07640688699402959
3 14 0.021886410572143054
3 15 -0.0489616834144499
3 16 -0.09430372830748361
3 17 -0.08819658122311823
3 18 0.011879120848334836
3 19 0.009532610865829868
3 20 0.03247554529808583
3 21 0.057215320094459454
3 22 -0.08317101685577728
3 23 -0.03727432338043262
3 24 -0.06989652897996
